0 0
1 1
2 41
3 3
4 41
5 41
6 41
7 41
8 41
9 41
10 41
11 41
12 41
13 41
14 14
15 41
16 41
17 41
18 41
19 41
20 41
21 41
22 22
23 41
24 41
25 25
26 26
27 41
28 41
29 41
30 41
31 31
32 32
33 33
34 34
35 35
36 36
37 37
38 41
39 39
40 41
41 41
42 41
43 41
44 41
45 41
46 41
47 41
48 41
49 41
50 41
51 51
52 41
53 41
54 41
55 41
56 56
57 41
58 58
59 41
60 41
61 41
62 41
63 41
64 41
65 41
66 41
67 41
68 41
69 41
70 41
71 41
72 41
73 41
74 41
75 41
76 41
77 41
78 41
79 79
80 41
81 41
82 41
83 41
84 41
85 41
86 41
87 41
88 41
89 41
90 41
91 41
92 41
93 93
94 94
95 41
96 41
97 41
98 41
99 99
100 100
101 41
102 41
103 41
104 41
105 41
106 41
107 41
108 41
109 41
110 110
111 111
112 112
113 41
114 41
115 41
116 41
117 41
118 41
119 119
120 120
121 41
122 41
123 41
124 41
125 41
126 126
127 41
128 41
129 41
130 41
131 41
132 41
133 41
134 41
135 41
136 41
137 41
138 41
139 41
140 41
141 41
142 41
143 41
144 41
145 41
146 41
147 41
148 41
149 41
150 150
151 41
152 41
153 41
154 41
155 41
156 41
157 41
158 41
159 41
160 41
161 41
162 41
163 41
164 41
165 41
166 41
167 41
168 41
169 41
170 41
171 171
172 41
173 41
174 41
175 41
176 41
177 41
178 41
179 41
180 41
181 41
182 41
183 41
184 41
185 185
186 186
187 41
188 41
189 41
190 190
191 41
192 41
193 41
194 41
195 195
196 196
197 41
198 198
199 41
200 200
201 201
202 202
203 41
204 204
205 205
206 41
207 207
208 41
209 41
210 41
211 41
212 212
213 41
214 214
215 41
216 41
217 217
218 218
219 219
220 220
221 221
222 41
223 41
224 224
225 225
226 226
227 227
228 228
229 229
230 41
231 41
232 41
233 41
234 234
235 235
236 41
237 237
238 41
239 239
240 240
241 241
242 41
243 41
244 244
245 41
246 41
247 41
248 41
249 41
250 250
251 251
252 41
253 253
254 254
255 41
256 41
257 257
258 41
259 41
260 260
261 261
262 41
263 41
264 41
265 41
266 266
267 267
268 268
269 41
270 270
271 41
272 41
273 273
274 41
275 41
276 41
277 41
278 278
279 279
280 41
281 41
282 41
283 41
284 41
285 41
286 41
287 41
288 288
289 289
290 41
291 291
292 41
293 293
294 41
295 41
296 41
297 41
298 41
299 41
300 41
301 41
302 41
303 41
304 304
305 41
306 41
307 307
308 308
309 309
310 310
311 311
312 312
313 313
314 314
315 315
316 41
317 317
318 41
319 319
320 41
321 41
322 41
323 323
324 41
325 325
326 326
327 41
328 41
329 41
330 330
331 331
332 332
333 41
334 41
335 41
336 41
337 41
338 41
339 339
340 41
341 341
342 41
343 343
344 344
345 345
346 346
347 347
348 348
349 349
350 41
351 351
352 352
353 41
354 41
355 355
356 41
357 41
358 358
359 41
360 41
361 361
362 41
363 41
364 364
365 365
366 41
367 41
368 368
369 369
370 370
371 371
372 41
373 41
374 374
375 41
376 41
377 41
378 378
379 379
380 41
381 41
382 382
383 383
384 384
385 385
386 386
387 387
388 388
389 389
390 390
391 391
392 392
393 41
394 394
395 395
396 396
397 41
398 398
399 399
400 400
401 41
402 402
403 403
404 41
405 41
406 41
407 407
408 41
409 41
410 410
411 41
412 41
413 41
414 414
415 41
416 416
417 41
418 418
419 41
420 41
421 41
422 422
423 423
424 424
425 41
426 41
427 41
428 41
429 41
430 41
431 431
432 432
433 433
434 41
435 41
436 436
437 41
438 438
439 439
440 41
441 441
442 442
443 443
444 444
445 445
446 446
447 41
448 448
449 449
450 41
451 41
452 41
453 453
454 454
455 455
456 41
457 457
458 458
459 41
460 460
461 41
462 41
463 41
464 41
465 465
466 41
467 467
468 468
469 469
470 470
471 41
472 41
473 473
474 474
475 475
476 476
477 477
478 478
479 479
480 480
481 41
482 482
483 41
484 484
485 485
486 486
487 41
488 41
489 41
490 490
491 491
492 492
493 41
494 494
495 41
496 496
497 497
498 498
499 41
500 500
501 501
502 41
503 503
504 41
505 505
506 41
507 507
508 41
509 41
510 510
511 511
512 512
513 513
514 41
515 515
516 41
517 41
518 518
519 41
520 520
521 41
522 41
523 41
524 524
525 41
526 41
527 527
528 528
529 529
530 530
531 531
532 532
533 41
534 534
535 535
536 536
537 41
538 538
539 539
540 540
541 541
542 41
543 41
544 41
545 545
546 41
547 547
548 548
549 41
550 41
551 41
552 552
553 41
554 41
555 555
556 556
557 557
558 558
559 559
560 41
561 561
562 41
563 563
564 41
565 565
566 41
567 567
568 568
569 41
570 570
571 571
572 41
573 573
574 574
575 575
576 576
577 41
578 578
579 579
580 580
581 581
582 582
583 583
584 584
585 41
586 586
587 587
588 588
589 589
590 590
591 591
592 41
593 41
594 594
595 595
596 41
597 41
598 598
599 599
600 600
601 41
602 602
603 603
604 604
605 414
606 606
607 607
608 41
609 609
610 610
611 41
612 612
613 41
614 614
615 615
616 616
617 41
618 41
619 619
620 41
621 621
622 622
623 41
624 624
625 625
626 626
627 627
628 628
629 629
630 630
631 631
632 41
633 633
634 634
635 635
636 636
637 637
638 41
639 639
640 640
641 41
642 642
643 643
644 41
645 41
646 41
647 41
648 648
649 649
650 650
651 651
652 652
653 653
654 41
655 655
656 656
657 657
658 658
659 659
660 660
661 661
662 662
663 41
664 664
665 41
666 666
667 667
668 668
669 41
670 670
671 671
672 672
673 673
674 674
675 675
676 676
677 677
678 678
679 679
680 680
681 41
682 41
683 41
684 684
685 41
686 686
687 687
688 688
689 689
690 690
691 691
692 692
693 693
694 694
695 41
696 696
697 697
698 41
699 41
700 41
701 701
702 702
703 703
704 704
705 41
706 706
707 41
708 708
709 709
710 710
711 711
712 41
713 713
714 714
715 715
716 716
717 41
718 718
719 719
720 41
721 721
722 722
723 723
724 724
725 725
726 726
727 727
728 41
729 729
730 730
731 731
732 732
733 733
734 734
735 735
736 41
737 737
738 738
739 739
740 740
741 741
742 742
743 743
744 744
745 745
746 746
747 747
748 41
749 749
750 750
751 751
752 752
753 753
754 41
755 755
756 756
757 757
758 758
759 759
760 760
761 761
762 762
763 763
764 764
765 765
766 766
767 767
768 41
769 769
770 770
771 771
772 772
773 773
774 774
775 775
776 776
777 41
778 778
779 779
780 780
781 781
782 782
783 783
784 784
785 785
786 786
787 787
788 788
789 789
790 790
791 791
792 792
793 793
794 794
795 795
796 796
797 797
798 798
799 799
800 800
801 801
802 802
803 803
804 804
805 805
806 806
807 807
808 808
809 809
810 810
811 811
812 812
813 813
814 814
815 815
816 816
817 817
818 818
819 819
820 41
821 821
822 822
823 823
824 824
825 825
826 826
827 827
828 41
829 829
830 830
831 831
832 832
833 833
834 834
835 835
836 836
837 837
838 838
839 839
840 840
841 41
842 842
843 843
844 844
845 845
846 846
847 847
848 848
849 849
850 850
851 41
852 852
853 853
854 854
855 855
856 856
857 857
858 858
859 859
860 860
861 861
862 862
863 863
864 864
865 865
866 866
867 867
868 868
869 869
870 870
871 871
872 872
873 873
874 874
875 875
876 876
877 877
878 878
879 879
880 880
881 881
882 882
883 883
884 884
885 885
886 886
887 887
888 888
889 889
890 890
891 891
892 892
893 893
894 894
895 895
896 896
897 897
898 898
899 899
900 900
901 901
902 902
903 903
904 904
905 41
906 906
907 907
908 908
909 909
910 910
911 911
912 912
913 41
914 914
915 915
916 916
917 41
918 41
919 919
920 920
921 921
922 922
923 923
924 924
925 925
926 41
927 927
928 928
929 929
930 41
931 41
932 932
933 933
934 934
935 935
936 41
937 937
938 938
939 939
940 940
941 941
942 942
943 943
944 944
945 945
946 946
947 947
948 948
949 949
950 950
951 951
952 952
953 953
954 954
955 955
956 956
957 957
958 41
959 959
960 960
961 961
962 962
963 963
964 964
965 965
966 966
967 967
968 968
969 969
970 970
971 41
972 972
973 973
974 974
975 975
976 41
977 977
978 978
979 41
980 41
981 981
982 982
983 983
984 984
985 985
986 986
987 987
988 988
989 989
990 990
991 991
992 992
993 993
994 994
995 995
996 996
997 997
998 998
999 999
1000 1000
1001 1001
1002 1002
1003 1003
1004 1004
