0 0
1 0
2 0
3 0
4 0
5 5
6 0
7 7
8 0
9 9
10 0
11 11
12 0
13 13
14 0
15 15
16 16
17 17
18 0
19 19
20 20
21 21
22 22
23 0
24 24
25 25
26 26
27 0
28 0
29 0
30 30
31 31
32 32
33 0
34 34
35 35
36 0
37 37
38 38
39 0
40 40
41 41
42 42
43 43
44 44
45 0
46 46
47 0
48 48
49 0
50 0
51 0
52 52
53 0
54 54
55 55
56 0
57 0
58 58
59 0
60 0
61 61
62 0
63 63
64 64
65 65
66 0
67 0
68 0
69 69
70 70
71 71
72 72
73 0
74 0
75 75
76 76
77 0
78 0
79 79
80 0
81 81
82 82
83 0
84 84
85 85
86 86
87 87
88 0
89 89
90 0
91 91
92 92
93 93
94 0
95 95
96 96
97 0
98 98
99 0
100 0
101 101
102 0
103 103
104 104
105 105
106 0
107 107
108 0
109 0
110 110
111 111
112 112
113 113
114 114
115 0
116 116
117 0
118 118
119 119
120 120
121 121
122 122
123 0
124 0
125 125
126 0
127 127
128 128
129 129
130 130
131 131
132 132
133 133
134 134
135 135
136 136
137 137
138 138
139 0
140 0
141 0
142 142
143 143
144 144
145 145
146 146
147 147
148 0
149 149
150 150
151 151
152 152
153 153
154 0
155 155
156 0
157 0
158 0
159 159
160 160
161 161
162 162
163 0
164 164
165 0
166 166
167 167
168 168
169 0
170 170
171 171
172 0
173 173
174 174
175 175
176 0
177 177
178 178
179 0
180 180
181 0
182 182
183 183
184 184
185 185
186 186
187 0
188 188
189 189
190 190
191 191
192 192
193 193
194 0
195 195
196 196
197 197
198 198
199 199
200 200
201 201
202 202
203 203
204 204
205 205
206 206
207 207
208 208
209 200
210 210
211 211
212 212
213 213
214 0
215 200
216 216
217 217
218 218
219 219
220 200
221 221
222 222
223 223
224 224
225 225
226 226
227 200
228 228
229 229
230 230
231 231
232 200
233 233
234 200
235 235
236 236
237 200
238 200
239 239
240 240
241 200
242 242
243 0
244 244
245 245
246 246
247 247
248 248
249 249
250 250
251 251
252 252
253 253
254 254
255 255
256 200
257 257
258 258
259 259
260 260
261 0
262 262
263 263
264 264
265 265
266 266
267 267
268 268
269 269
270 270
271 271
272 200
273 273
274 274
275 200
276 276
277 277
278 0
279 200
280 280
281 281
282 200
283 283
284 284
285 200
286 200
287 287
288 288
289 289
290 290
291 0
292 200
293 293
294 294
295 295
296 296
297 297
298 298
299 299
300 0
301 301
302 0
303 303
304 0
305 305
306 306
307 307
308 308
309 309
310 310
311 0
312 312
313 313
314 314
315 315
316 316
317 317
318 0
319 319
320 320
321 321
322 322
323 0
324 324
325 325
326 0
327 327
328 328
329 329
330 0
331 331
332 332
333 333
334 334
335 335
336 336
337 337
338 0
339 339
340 340
341 341
342 342
343 343
344 344
345 0
346 346
347 347
348 0
349 0
350 0
351 351
352 352
353 353
354 354
355 355
356 0
357 357
358 358
359 359
360 360
361 361
362 0
363 363
364 364
365 0
366 366
367 367
368 368
369 369
370 370
371 371
372 0
373 373
374 374
375 375
376 376
377 377
378 378
379 379
380 380
381 381
382 382
383 383
384 0
385 0
386 386
387 0
388 0
389 389
390 0
391 391
392 392
393 393
394 394
395 0
396 396
397 397
398 0
399 399
