0 13
1 13
2 13
3 3
4 4
5 5
6 6
7 7
8 8
9 13
10 10
11 11
12 12
13 13
14 14
15 13
16 16
17 17
18 13
19 19
20 13
21 21
22 22
23 23
24 24
25 25
26 13
27 27
28 28
29 29
30 30
31 31
32 32
33 33
34 13
35 35
36 13
37 37
38 38
39 39
40 40
41 41
42 13
43 43
44 44
45 13
46 13
47 13
48 13
49 49
50 50
51 51
52 52
53 13
54 54
55 13
56 13
57 57
58 13
59 59
60 60
61 61
62 62
63 13
64 64
65 65
66 13
67 13
68 68
69 13
70 13
71 71
72 72
73 13
74 74
75 13
76 76
77 77
78 78
79 79
80 80
81 81
82 82
83 83
84 84
85 13
86 86
87 87
88 88
89 89
90 13
91 91
92 13
93 93
94 94
95 95
96 13
97 97
98 98
99 99
100 118
101 118
102 118
103 103
104 104
105 118
106 118
107 107
108 118
109 109
110 118
111 118
112 112
113 118
114 114
115 115
116 118
117 118
118 118
119 119
120 118
121 118
122 122
123 123
124 124
125 118
126 126
127 127
128 128
129 118
130 118
131 118
132 132
133 133
134 118
135 135
136 136
137 137
138 138
139 118
140 140
141 141
142 142
143 143
144 118
145 145
146 146
147 147
148 148
149 149
150 150
151 151
152 152
153 153
154 154
155 155
156 156
157 157
158 158
159 159
160 160
161 118
162 162
163 163
164 164
165 118
166 166
167 167
168 168
169 118
170 170
171 171
172 172
173 118
174 174
175 175
176 118
177 177
178 178
179 118
180 180
181 181
182 182
183 183
184 184
185 185
186 186
187 187
188 188
189 189
190 190
191 191
192 192
193 193
194 194
195 195
196 118
197 197
198 198
199 118
200 200
201 238
202 238
203 200
204 238
205 205
206 206
207 238
208 121
209 200
210 210
211 211
212 212
213 213
214 214
215 215
216 238
217 217
218 218
219 219
220 220
221 221
222 222
223 223
224 224
225 225
226 226
227 238
228 228
229 229
230 230
231 231
232 232
233 233
234 238
235 235
236 236
237 121
238 238
239 239
240 240
241 241
242 200
243 243
244 244
245 238
246 246
247 121
248 248
249 238
250 250
251 251
252 252
253 253
254 121
255 238
256 200
257 257
258 258
259 259
260 260
261 238
262 262
263 263
264 238
265 265
266 266
267 238
268 268
269 269
270 270
271 271
272 238
273 121
274 238
275 238
276 276
277 277
278 278
279 279
280 280
281 281
282 238
283 283
284 284
285 285
286 286
287 287
288 288
289 289
290 121
291 291
292 292
293 293
294 294
295 295
296 296
297 121
298 298
299 238
300 300
301 300
302 302
303 303
304 304
305 305
306 306
307 307
308 308
309 300
310 310
311 300
312 300
313 300
314 314
315 315
316 300
317 317
318 318
319 319
320 320
321 321
322 300
323 323
324 324
325 300
326 326
327 327
328 328
329 329
330 300
331 300
332 300
333 333
334 334
335 335
336 300
337 337
338 338
339 339
340 340
341 300
342 342
343 343
344 300
345 345
346 346
347 300
348 348
349 349
350 350
351 351
352 352
353 353
354 354
355 355
356 356
357 357
358 358
359 359
360 360
361 361
362 362
363 363
364 364
365 365
366 300
367 367
368 368
369 369
370 370
371 371
372 300
373 373
374 374
375 375
376 376
377 377
378 378
379 379
380 380
381 381
382 382
383 300
384 384
385 300
386 386
387 387
388 388
389 300
390 390
391 300
392 392
393 393
394 394
395 300
396 396
397 397
398 398
399 399
