0 13
0 36
0 42
0 45
0 48
0 63
0 66
0 67
0 75
0 90
13 14
13 31
13 35
13 38
13 41
13 43
13 72
13 78
36 2
36 6
36 7
36 14
36 46
36 85
36 89
36 98
42 44
42 48
42 50
42 52
42 62
42 67
42 75
42 81
42 87
42 89
42 90
42 98
45 21
45 44
45 54
45 68
48 7
48 14
48 18
48 24
48 27
48 33
48 39
48 40
48 55
48 57
48 73
48 75
48 92
63 6
63 17
63 33
63 39
63 59
63 65
63 73
66 6
66 18
66 23
66 26
66 57
66 60
66 62
66 72
66 96
67 8
67 15
67 17
67 23
67 25
67 30
67 32
67 37
67 51
67 59
67 68
67 79
67 88
75 3
75 7
75 9
75 17
75 30
75 72
75 77
90 16
90 17
90 20
90 21
90 37
90 39
90 46
90 77
1 2
1 20
1 23
1 30
1 46
1 47
1 53
1 62
1 69
1 70
1 73
2 8
2 15
2 19
2 26
2 41
2 55
2 77
2 83
2 85
2 91
2 92
2 96
2 98
20 25
20 27
20 37
20 38
20 58
20 73
20 77
20 86
20 88
23 7
23 37
23 57
23 58
23 81
30 15
30 38
30 68
30 72
30 81
46 5
46 11
46 18
46 22
46 32
47 7
47 14
47 27
47 62
47 76
53 5
53 12
53 35
53 41
53 56
53 57
53 58
53 69
53 93
53 98
62 16
62 44
62 55
62 79
62 87
62 92
69 14
69 17
69 21
69 28
69 32
69 38
69 52
69 72
69 77
69 81
69 93
69 94
70 28
70 37
70 38
70 52
70 56
70 59
70 60
70 61
70 70
70 72
70 74
70 81
70 93
70 94
73 5
73 10
73 12
73 16
73 17
73 22
73 25
73 57
73 91
73 95
73 99
8 5
8 37
8 43
8 87
15 31
15 44
15 54
15 59
15 76
15 80
15 81
15 84
19 12
19 18
19 19
19 78
19 80
26 6
26 22
26 29
26 76
41 5
41 6
41 10
41 18
41 43
41 44
41 51
41 93
41 95
41 96
55 16
55 18
55 28
55 34
55 56
55 57
55 79
77 17
77 32
77 37
77 51
77 60
77 99
83 21
83 32
83 58
83 81
83 87
83 91
83 96
85 24
85 32
85 59
85 71
85 91
91 51
91 88
91 99
92 6
92 11
92 14
92 28
92 32
92 37
92 64
92 88
92 96
96 4
96 7
96 16
96 32
96 35
96 88
98 25
98 31
98 52
98 79
3 9
3 25
3 34
3 86
3 87
3 94
9 43
9 44
9 49
9 71
9 74
9 94
25 16
25 17
25 28
25 52
25 57
25 68
25 80
34 10
34 32
34 74
34 97
34 99
86 4
86 44
86 65
86 79
86 87
87 84
87 87
87 95
94 5
94 12
94 14
94 16
94 21
94 37
94 50
94 52
94 64
94 89
4 14
4 32
4 43
4 50
4 68
4 95
14 21
14 31
14 58
14 60
14 74
14 88
32 5
32 31
32 51
32 58
32 65
32 84
43 12
43 51
43 65
43 74
43 81
43 89
43 95
50 21
50 28
50 58
50 59
68 12
68 18
68 56
68 61
68 65
95 7
95 16
95 21
95 51
95 72
95 79
95 81
5 18
5 35
5 37
5 74
18 6
18 28
18 64
18 76
18 79
18 88
18 204
35 21
35 22
35 24
37 6
37 40
37 58
37 64
37 71
74 16
74 33
74 88
6 10
6 24
6 80
6 97
10 29
10 38
10 54
24 57
80 56
80 59
80 61
80 65
80 80
80 89
80 97
97 31
97 51
97 56
97 72
97 97
7 11
7 16
7 56
7 61
7 76
11 21
11 39
16 40
16 84
56 27
56 38
56 118
61 60
61 64
61 71
61 81
76 21
76 27
76 44
76 51
44 22
49 22
49 89
71 22
71 28
71 64
71 65
71 79
29 29
29 40
29 51
29 88
29 99
38 64
54 88
21 12
21 28
21 65
39 27
39 58
12 12
12 17
12 52
17 17
17 59
17 89
52 28
52 65
52 81
31 81
31 99
72 60
58 82
58 89
60 57
88 22
88 27
88 82
88 88
59 28
59 33
59 65
59 99
84 65
84 82
40 51
89 57
89 82
89 89
28 82
64 33
64 64
64 93
79 79
204 228
204 243
204 249
204 255
204 260
204 262
204 273
204 283
204 285
27 51
51 93
118 100
118 126
118 130
118 143
118 146
118 148
118 155
118 161
118 174
118 179
118 181
118 196
118 197
100 101
100 105
100 108
100 111
100 113
100 116
100 117
100 120
100 130
100 139
100 161
100 165
100 173
100 199
101 110
101 125
101 130
101 140
101 144
101 169
105 113
105 138
105 150
105 161
105 176
108 102
108 112
108 123
108 128
108 158
108 167
108 177
108 195
111 112
111 115
111 122
111 125
111 151
111 159
111 166
111 167
111 172
113 103
113 122
113 128
113 164
113 169
113 172
113 199
116 102
116 103
116 121
116 124
116 142
116 150
116 161
116 189
117 112
117 147
117 150
117 154
117 174
117 176
117 187
117 191
120 129
120 131
120 144
120 146
120 154
120 161
120 179
120 186
120 188
120 198
130 102
130 130
130 146
130 150
130 166
130 169
130 173
130 181
130 183
130 197
139 109
139 123
139 150
139 159
139 161
139 181
139 186
139 188
139 194
161 146
161 147
161 148
161 156
161 161
161 169
161 184
161 190
161 197
165 115
165 123
165 127
165 134
165 136
165 153
165 156
165 163
165 165
165 173
165 178
173 132
173 133
173 144
173 155
173 178
173 179
199 121
199 123
199 134
199 157
199 158
199 175
199 182
199 188
110 114
110 122
110 178
125 104
125 127
125 129
125 142
125 145
125 160
125 189
140 138
140 140
140 162
140 174
140 176
140 181
140 182
140 185
140 190
140 194
144 129
144 131
144 136
144 141
144 172
144 179
144 183
144 192
169 109
169 115
169 126
169 150
169 152
169 157
169 171
169 175
169 177
169 182
169 198
102 106
102 129
102 131
102 162
102 170
102 172
102 182
106 127
106 148
106 149
106 159
106 174
106 175
106 192
129 119
129 122
129 128
129 152
129 160
129 167
131 131
131 135
131 137
131 138
131 148
131 149
131 150
131 152
131 163
131 174
131 177
162 109
162 114
162 123
162 124
162 138
162 149
162 153
162 197
170 136
170 137
170 174
172 124
172 146
172 186
182 115
182 126
182 134
182 149
182 156
182 158
182 176
182 186
182 197
103 119
103 134
103 196
119 115
119 121
119 150
119 155
119 158
119 164
134 104
134 142
134 154
134 180
134 190
134 196
196 124
196 147
196 148
196 151
196 152
196 168
196 192
104 114
104 175
104 179
104 181
114 135
114 149
114 150
114 168
114 195
114 198
175 123
175 151
175 177
175 179
175 180
175 183
175 188
175 189
175 191
179 128
179 138
179 155
179 183
179 190
179 192
179 193
179 195
181 124
181 152
181 166
181 167
181 183
181 191
181 192
181 194
138 135
138 138
138 142
138 145
138 148
138 153
138 164
138 176
138 186
138 193
138 194
138 197
150 112
150 168
150 186
150 197
176 107
176 152
176 157
176 167
127 126
127 128
127 149
127 154
127 156
127 167
127 168
127 186
127 194
148 135
148 146
148 155
148 156
148 159
148 189
148 192
149 178
149 185
149 193
149 198
159 147
159 154
159 164
174 151
174 153
174 157
174 171
174 188
174 190
174 192
192 133
192 147
192 152
192 158
192 171
192 177
192 183
192 186
192 187
192 188
192 194
107 112
107 137
107 160
107 186
112 123
112 137
112 177
112 180
137 109
137 137
137 141
137 142
137 146
137 177
137 184
137 191
137 194
160 152
160 180
186 124
186 141
186 142
186 145
186 153
186 158
186 180
186 187
186 189
123 133
123 142
123 158
123 163
123 195
123 197
128 132
128 153
128 164
128 166
128 177
158 135
158 152
158 153
158 163
158 178
167 135
167 155
167 183
167 198
177 136
177 147
177 163
177 164
177 198
195 124
195 154
195 157
109 122
109 145
109 164
122 126
122 133
122 146
122 193
145 163
145 187
145 197
145 198
164 143
164 151
164 163
164 164
115 133
115 146
115 187
115 193
151 141
151 142
151 152
151 189
166 155
166 190
180 121
180 155
180 157
180 193
135 141
135 184
135 193
168 141
168 184
168 190
168 193
198 126
198 189
133 155
133 157
133 187
133 193
146 147
146 152
146 153
146 156
187 152
193 136
193 153
193 155
193 163
121 132
121 290
124 141
124 143
124 155
124 183
124 184
142 157
142 183
142 185
142 188
142 197
189 154
189 155
189 156
189 185
189 191
147 152
147 194
154 185
191 155
126 185
126 190
126 197
143 141
143 153
143 190
155 152
155 171
155 184
155 188
197 156
197 188
197 190
188 163
290 208
290 222
290 236
290 246
290 256
290 273
290 299
163 183
163 184
141 152
184 153
190 153
190 194
153 153
157 136
200 203
200 208
200 209
200 238
200 242
200 267
200 273
203 201
203 256
203 263
203 269
203 286
208 202
208 210
208 211
208 219
208 230
208 237
208 247
208 255
208 274
208 283
208 292
209 235
209 263
209 270
209 277
209 279
209 293
238 201
238 214
238 229
238 243
238 246
238 264
238 281
242 231
242 237
242 245
242 250
242 256
242 260
242 268
242 281
242 284
242 285
267 220
267 221
267 229
267 230
267 236
267 264
267 266
267 268
267 275
273 219
273 247
273 253
273 254
273 278
273 298
201 207
201 227
201 234
201 247
201 264
201 278
201 280
201 297
207 218
207 223
207 231
207 236
207 265
207 278
227 235
227 245
227 260
227 261
227 263
227 277
227 282
227 289
227 295
234 202
234 211
234 232
234 234
234 243
234 260
234 264
234 288
247 252
247 253
247 278
247 280
247 288
247 289
247 294
247 297
264 213
264 214
264 216
264 222
264 228
264 241
264 244
264 295
278 210
278 220
278 236
278 246
278 250
278 253
278 277
278 282
278 292
278 294
280 213
280 223
280 228
280 235
280 244
280 254
280 256
280 265
297 213
297 233
297 237
297 254
202 237
202 245
202 249
202 250
202 254
202 255
202 261
202 272
202 274
202 275
202 276
202 282
202 292
202 293
237 218
237 226
237 266
237 268
237 293
245 218
245 223
245 266
245 268
245 270
245 296
249 217
249 225
249 241
249 248
249 255
249 258
249 275
249 289
249 292
250 228
250 253
250 265
250 276
250 294
254 213
254 232
254 244
254 251
254 265
254 270
254 286
254 288
254 289
254 298
255 205
255 216
255 266
255 282
255 287
261 212
261 217
261 281
261 289
261 389
272 212
272 220
272 222
272 230
272 244
272 248
272 257
272 274
272 275
272 285
272 291
272 298
272 299
274 205
274 230
274 232
274 259
274 266
274 268
274 294
274 299
275 206
275 210
275 215
275 226
275 287
275 296
276 210
276 219
276 228
276 231
276 232
276 260
276 266
276 269
276 286
282 210
282 215
282 219
282 220
282 226
282 231
282 233
282 263
282 266
282 269
282 271
282 322
292 205
292 206
292 260
292 279
292 283
293 205
293 222
293 229
293 235
293 243
293 246
293 251
293 263
293 291
293 293
256 210
256 224
256 231
256 232
256 236
256 248
256 260
256 262
256 263
256 269
256 270
256 285
263 221
263 246
263 285
269 221
269 228
269 241
269 243
269 251
269 270
269 277
269 281
269 289
286 210
286 217
286 218
286 260
286 285
286 289
286 295
228 214
228 215
228 241
228 257
228 260
228 284
228 296
243 225
243 244
243 248
243 257
243 271
243 283
243 299
260 212
260 260
260 265
260 268
260 271
260 281
260 283
262 226
262 229
262 248
262 257
262 279
262 288
262 298
283 213
283 281
283 283
283 284
283 285
285 214
285 235
285 251
285 252
285 258
285 294
285 296
205 216
205 235
205 299
216 206
216 235
216 236
216 239
216 266
216 277
216 284
235 214
235 229
235 251
235 258
235 259
235 287
235 289
235 291
299 223
299 225
299 240
299 241
299 258
299 271
299 277
206 215
206 219
206 232
206 240
206 253
206 266
206 279
215 213
215 223
215 231
215 266
215 271
219 223
219 251
219 271
232 248
232 294
240 229
240 265
240 271
240 298
253 210
253 211
253 233
253 253
253 277
253 281
253 291
253 294
266 218
266 231
266 258
266 265
266 268
279 212
279 213
279 229
279 258
279 271
279 294
218 222
218 226
218 288
218 295
223 224
223 236
223 294
231 213
231 220
231 233
231 296
236 211
236 213
236 226
236 244
236 252
236 295
265 211
265 214
265 225
265 226
265 251
210 220
210 225
210 239
210 289
211 224
230 220
230 224
230 229
230 251
230 259
230 270
230 298
270 217
270 222
270 224
270 244
270 271
270 288
277 220
277 229
277 233
277 252
277 277
277 281
277 291
277 296
220 220
220 233
220 251
225 213
225 214
225 284
225 289
225 296
239 244
239 246
239 248
239 287
289 252
289 257
289 291
289 294
224 222
212 212
212 226
212 244
212 251
226 268
226 284
244 251
251 229
213 248
213 284
213 296
213 298
248 294
284 214
284 229
296 294
296 298
298 221
298 294
298 298
214 214
217 287
217 294
217 295
287 221
287 257
287 258
294 241
295 241
295 295
222 222
222 229
288 233
288 246
233 229
221 229
229 291
241 252
291 281
291 291
259 252
258 281
389 312
389 336
389 349
389 353
389 359
389 366
389 371
389 386
389 388
389 391
322 307
322 318
322 325
322 352
322 363
322 380
322 383
322 394
300 309
300 311
300 316
300 325
300 330
300 336
300 344
300 372
300 383
300 391
300 395
309 304
309 309
309 332
309 333
309 337
309 338
309 344
309 346
309 350
309 352
309 354
309 359
309 361
309 362
309 372
309 396
309 397
311 314
311 326
311 331
311 355
311 366
311 384
311 388
311 391
316 310
316 314
316 320
316 326
316 329
316 347
316 356
316 363
316 370
316 379
325 303
325 312
325 328
325 337
325 348
325 353
325 362
325 366
325 376
325 385
325 387
325 393
325 399
330 301
330 323
330 346
330 355
330 364
330 375
330 385
330 398
336 303
336 306
336 320
336 332
336 357
336 383
336 388
336 390
336 396
344 303
344 306
344 307
344 312
344 326
344 328
344 337
344 342
344 367
344 383
344 395
372 301
372 343
372 349
372 350
372 352
372 383
383 312
383 321
383 349
383 374
383 376
383 377
383 379
383 382
383 390
383 398
391 315
391 342
391 347
391 380
395 317
395 321
395 346
395 351
395 355
395 357
395 370
395 386
395 390
395 395
301 312
301 331
301 332
301 341
301 347
301 350
301 360
301 385
301 387
312 306
312 334
312 340
312 368
312 371
312 375
331 315
331 319
331 327
331 361
331 369
331 373
331 380
331 392
331 393
332 303
332 317
332 323
332 334
332 337
332 339
332 345
332 348
332 350
332 359
332 365
332 379
332 384
332 393
332 394
341 303
341 313
341 320
341 342
341 343
341 356
341 364
341 369
347 305
347 329
347 333
347 337
347 346
347 348
347 354
347 357
347 361
347 366
347 371
347 392
347 398
350 304
350 314
350 340
350 363
350 365
350 382
350 384
360 310
360 317
360 324
360 334
360 349
360 352
360 360
360 364
360 380
360 390
385 308
385 313
385 314
385 318
385 334
385 345
385 356
385 358
385 361
385 370
387 306
387 310
387 314
387 337
387 338
387 356
387 382
302 302
302 308
302 313
302 315
302 328
302 335
302 339
302 366
302 371
302 379
302 388
302 394
302 397
308 307
308 314
308 324
308 337
308 340
308 346
308 355
308 392
308 397
313 304
313 307
313 315
313 319
313 324
313 327
313 334
313 354
313 361
313 381
313 396
315 364
315 382
315 393
315 394
328 306
328 314
328 334
328 348
328 366
328 368
328 371
328 398
335 334
335 343
335 345
335 352
335 354
335 357
335 371
335 399
339 307
339 326
339 343
339 354
339 358
339 379
339 381
339 390
366 326
366 333
366 351
366 355
366 359
366 365
366 371
366 377
366 378
366 390
366 396
366 397
371 306
371 378
371 379
371 392
379 303
379 321
379 357
379 358
379 390
379 393
388 305
388 386
394 329
394 358
394 359
394 376
397 324
397 346
397 348
397 363
397 382
397 384
397 392
397 396
397 398
303 306
303 337
303 338
303 354
303 359
303 364
303 365
303 374
303 392
303 393
303 398
306 319
306 326
306 357
306 398
337 314
337 320
337 333
337 342
337 354
337 376
338 318
338 323
338 326
338 329
338 333
338 343
338 354
338 363
354 305
354 345
354 346
354 381
354 386
354 398
359 305
359 310
359 367
364 384
365 307
365 319
365 355
365 362
365 380
365 393
374 343
392 317
392 340
392 345
392 351
392 368
392 369
392 380
392 386
392 396
393 349
393 378
398 323
398 363
398 370
398 386
398 396
304 329
304 353
304 367
304 390
329 340
329 348
329 376
353 334
353 362
353 373
353 384
353 386
367 323
367 357
367 367
367 369
367 381
390 307
390 318
390 333
390 345
390 376
305 305
305 318
305 334
305 343
305 348
305 356
305 361
305 396
318 318
318 340
318 355
318 378
334 310
334 333
334 345
334 349
334 363
334 369
334 376
334 382
334 399
343 346
343 369
343 396
348 327
348 345
348 382
356 356
356 368
356 396
361 351
361 376
396 307
396 317
396 319
396 327
396 368
396 396
319 307
319 342
319 346
319 351
326 314
326 333
326 340
326 369
357 381
307 351
307 358
307 369
307 373
307 376
307 381
307 386
351 320
358 327
358 333
358 342
358 378
369 333
369 363
369 368
369 377
373 340
373 377
376 320
376 323
376 342
376 352
381 320
381 382
386 370
386 375
314 320
324 342
324 345
324 363
324 384
340 384
346 370
346 399
355 362
355 380
333 352
333 382
352 320
352 375
352 380
352 399
362 349
362 384
310 377
377 377
384 384
375 363
375 380
327 323
327 378
320 320
382 323
363 321
363 345
363 370
370 317
370 349
317 349
323 345
323 399
