0 3
0 4
0 5
0 7
0 16
0 26
0 31
0 40
0 48
0 66
0 76
0 81
0 84
0 125
0 139
0 141
0 171
0 203
0 207
0 228
0 245
0 255
0 256
0 259
0 276
0 277
0 282
0 286
0 287
0 290
0 293
0 298
0 302
0 310
0 337
0 353
0 381
0 399
3 8
3 11
3 12
3 26
3 31
3 37
3 39
3 58
3 78
3 82
3 124
3 153
3 177
3 256
3 280
3 289
3 315
4 1
4 4
4 7
4 8
4 21
4 22
4 30
4 39
4 41
4 77
4 83
4 85
4 90
4 93
4 161
4 192
4 194
4 202
4 212
4 229
4 236
4 258
4 274
4 327
4 348
4 365
4 386
5 22
5 30
5 58
5 63
5 122
5 128
5 129
5 153
5 160
5 163
5 210
5 236
5 276
5 305
5 351
5 353
5 381
5 383
7 21
7 30
7 85
7 97
7 118
7 130
7 135
7 138
7 155
7 173
7 223
7 251
7 254
7 307
7 310
7 316
7 320
7 350
7 363
7 365
7 379
7 381
16 1
16 25
16 27
16 28
16 44
16 56
16 73
16 81
16 84
16 88
16 90
16 154
16 159
16 179
16 182
16 228
16 229
16 258
16 267
16 302
16 326
16 358
16 360
16 378
26 30
26 71
26 82
26 89
26 98
26 120
26 122
26 141
26 169
26 175
26 179
26 183
26 211
26 236
26 282
26 297
26 300
26 303
31 1
31 2
31 34
31 41
31 55
31 58
31 64
31 77
31 87
31 94
31 114
31 120
31 129
31 158
31 179
31 198
31 222
31 225
31 270
31 299
31 314
31 341
31 382
40 8
40 19
40 29
40 40
40 76
40 93
40 114
40 116
40 125
40 132
40 134
40 136
40 164
40 179
40 189
40 256
40 263
40 392
48 43
48 52
48 58
48 75
48 76
48 77
48 78
48 107
48 126
48 130
48 134
48 136
48 170
48 183
48 187
48 218
48 219
48 227
48 256
48 267
48 269
48 358
48 364
48 366
66 36
66 45
66 47
66 57
66 70
66 80
66 89
66 133
66 161
66 164
66 183
66 247
66 251
66 254
66 265
66 276
66 281
66 294
66 335
66 358
66 375
66 397
76 2
76 11
76 25
76 59
76 75
76 85
76 92
76 94
76 95
76 104
76 109
76 122
76 123
76 155
76 173
76 210
76 228
76 258
76 268
76 383
76 384
81 8
81 45
81 49
81 68
81 91
81 96
81 100
81 105
81 120
81 151
81 161
81 240
81 247
81 262
81 282
81 284
81 286
81 292
81 322
81 341
81 356
81 380
81 396
81 398
84 20
84 24
84 36
84 69
84 94
84 113
84 115
84 126
84 131
84 133
84 141
84 154
84 167
84 181
84 195
84 203
84 244
84 254
84 263
84 328
84 332
84 358
84 360
84 375
84 376
125 1
125 34
125 54
125 60
125 105
125 108
125 125
125 130
125 131
125 143
125 144
125 145
125 158
125 165
125 180
125 185
125 190
125 214
125 290
125 317
125 319
125 347
125 348
125 351
125 352
125 390
139 2
139 64
139 104
139 110
139 117
139 122
139 123
139 129
139 140
139 145
139 163
139 178
139 190
139 193
139 197
139 218
139 281
139 291
139 326
139 331
139 344
139 359
139 371
141 1
141 62
141 67
141 71
141 72
141 116
141 118
141 130
141 131
141 141
141 145
141 181
141 182
141 193
141 216
141 229
141 245
141 262
141 284
141 301
141 307
141 309
141 314
141 333
141 350
141 366
141 398
171 18
171 95
171 101
171 121
171 138
171 150
171 153
171 168
171 173
171 179
171 204
171 245
171 249
171 253
171 259
171 295
171 315
171 333
203 1
203 24
203 36
203 57
203 119
203 131
203 155
203 201
203 206
203 213
203 221
203 226
203 228
203 270
203 272
203 291
203 293
203 303
203 309
203 317
203 340
203 360
203 379
207 99
207 104
207 167
207 207
207 227
207 229
207 231
207 232
207 242
207 246
207 254
207 280
207 284
207 288
207 306
207 319
207 397
228 9
228 35
228 63
228 73
228 85
228 103
228 135
228 169
228 173
228 184
228 186
228 217
228 222
228 231
228 232
228 236
228 237
228 244
228 256
228 266
228 287
228 288
228 291
228 346
228 353
228 359
228 369
228 373
228 379
228 383
245 2
245 80
245 82
245 91
245 96
245 107
245 114
245 146
245 149
245 156
245 191
245 196
245 198
245 213
245 221
245 223
245 227
245 233
245 239
245 241
245 268
245 269
245 270
245 272
245 277
245 293
245 303
245 353
245 354
245 360
245 369
255 1
255 6
255 33
255 49
255 87
255 92
255 106
255 122
255 133
255 137
255 164
255 227
255 269
255 270
255 271
255 312
255 358
256 15
256 30
256 43
256 75
256 95
256 98
256 107
256 137
256 155
256 206
256 222
256 232
256 249
256 257
256 262
256 270
256 286
256 288
256 289
256 321
256 325
256 344
259 10
259 36
259 49
259 57
259 74
259 102
259 111
259 208
259 264
259 272
259 275
259 307
259 347
259 377
276 20
276 46
276 58
276 97
276 106
276 113
276 114
276 121
276 129
276 151
276 175
276 219
276 242
276 257
276 263
276 277
276 278
276 287
276 288
276 290
276 292
276 301
276 328
276 346
276 374
276 379
276 385
277 13
277 56
277 68
277 77
277 106
277 161
277 212
277 213
277 237
277 239
277 240
277 250
277 252
277 254
277 263
277 275
277 289
277 329
277 335
277 349
277 359
277 362
277 363
277 379
277 399
282 24
282 37
282 68
282 108
282 138
282 150
282 155
282 178
282 179
282 222
282 230
282 232
282 233
282 240
282 257
282 275
282 284
282 287
282 302
282 312
282 338
282 351
282 361
282 383
282 389
286 9
286 39
286 57
286 112
286 131
286 142
286 151
286 152
286 197
286 239
286 265
286 271
286 281
286 292
286 317
286 322
286 361
286 371
287 2
287 38
287 54
287 62
287 64
287 78
287 131
287 194
287 197
287 212
287 239
287 247
287 253
287 257
287 262
287 264
287 266
287 270
287 300
287 303
287 305
287 317
287 318
287 342
287 351
287 375
287 389
290 17
290 30
290 63
290 65
290 95
290 117
290 140
290 159
290 237
290 257
290 265
290 266
290 283
290 290
290 298
290 299
290 313
290 323
290 335
290 337
290 340
290 373
290 376
290 380
290 382
293 8
293 12
293 21
293 23
293 27
293 35
293 42
293 63
293 79
293 116
293 135
293 157
293 163
293 185
293 218
293 221
293 222
293 236
293 246
293 251
293 253
293 254
293 257
293 270
293 273
293 289
293 295
293 318
293 324
293 334
293 341
293 350
293 388
293 399
298 15
298 60
298 85
298 86
298 101
298 124
298 146
298 175
298 185
298 209
298 211
298 227
298 232
298 235
298 247
298 289
298 296
298 299
298 304
298 313
298 356
298 373
302 105
302 135
302 150
302 154
302 209
302 240
302 244
302 261
302 300
302 303
302 378
302 394
310 12
310 34
310 129
310 162
310 177
310 181
310 182
310 185
310 191
310 194
310 201
310 241
310 270
310 303
310 335
310 349
310 357
310 378
310 390
310 391
310 395
337 58
337 123
337 138
337 184
337 186
337 204
337 205
337 213
337 220
337 246
337 305
337 316
337 326
337 331
337 337
337 356
337 379
353 11
353 30
353 64
353 68
353 88
353 92
353 104
353 123
353 128
353 129
353 133
353 155
353 184
353 288
353 304
353 305
353 311
353 314
353 315
353 316
353 321
353 322
353 327
353 336
353 342
353 373
353 382
353 399
381 1
381 20
381 51
381 75
381 93
381 158
381 170
381 176
381 217
381 313
381 325
381 327
381 341
381 347
381 350
381 354
381 367
381 375
381 390
381 391
381 392
399 41
399 83
399 129
399 159
399 206
399 209
399 216
399 217
399 243
399 278
399 296
399 303
399 308
399 314
399 322
399 328
399 341
399 352
399 358
399 363
399 367
399 384
399 386
1 11
1 32
1 43
1 49
1 53
1 56
1 83
1 89
1 101
1 105
1 138
1 152
1 155
1 169
1 199
1 204
1 211
1 247
1 248
1 264
1 347
1 358
1 359
1 365
1 372
11 2
11 13
11 14
11 61
11 73
11 77
11 85
11 86
11 99
11 118
11 167
11 179
11 185
11 189
11 206
11 249
11 309
11 320
11 366
32 8
32 9
32 12
32 24
32 25
32 47
32 51
32 52
32 57
32 87
32 88
32 89
32 94
32 99
32 130
32 230
32 232
32 244
32 250
32 253
32 254
32 258
32 260
32 274
32 297
32 301
32 311
32 313
32 385
32 386
32 391
43 10
43 17
43 19
43 28
43 30
43 52
43 54
43 70
43 92
43 94
43 99
43 136
43 154
43 168
43 183
43 199
43 200
43 238
43 253
43 308
43 312
43 326
49 6
49 30
49 44
49 54
49 82
49 83
49 85
49 105
49 158
49 161
49 163
49 176
49 197
49 216
49 354
49 393
49 398
53 17
53 29
53 51
53 60
53 70
53 71
53 115
53 151
53 155
53 156
53 164
53 170
53 186
53 194
53 236
53 244
53 263
53 267
53 280
53 335
53 336
53 345
53 348
53 364
53 397
56 20
56 22
56 27
56 30
56 36
56 72
56 83
56 85
56 99
56 128
56 158
56 166
56 189
56 283
56 292
56 294
56 340
56 342
56 359
56 370
56 380
56 386
83 10
83 24
83 41
83 46
83 64
83 65
83 73
83 80
83 85
83 93
83 119
83 187
83 227
83 250
83 319
83 322
83 332
83 335
83 377
83 379
83 396
89 70
89 74
89 91
89 92
89 94
89 102
89 136
89 140
89 157
89 186
89 189
89 191
89 192
89 222
89 250
89 281
89 304
89 312
89 329
89 332
89 340
89 386
89 390
101 9
101 35
101 46
101 60
101 112
101 119
101 132
101 151
101 158
101 168
101 175
101 191
101 193
101 240
101 252
101 272
101 288
101 299
101 307
101 308
101 318
101 349
101 359
101 388
105 64
105 74
105 175
105 176
105 231
105 246
105 249
105 281
105 297
105 311
105 312
105 367
105 379
105 385
138 28
138 30
138 51
138 74
138 87
138 91
138 106
138 116
138 117
138 136
138 157
138 160
138 174
138 178
138 191
138 198
138 217
138 220
138 233
138 258
138 285
138 338
138 343
138 375
138 380
138 386
152 10
152 12
152 15
152 23
152 103
152 111
152 129
152 134
152 136
152 148
152 151
152 165
152 187
152 241
152 247
152 269
152 339
152 358
152 373
152 379
152 391
152 392
155 42
155 47
155 61
155 91
155 107
155 109
155 111
155 142
155 145
155 163
155 170
155 206
155 231
155 239
155 332
155 343
155 358
155 369
169 15
169 36
169 54
169 97
169 103
169 109
169 144
169 154
169 182
169 189
169 194
169 195
169 242
169 267
169 292
169 308
169 325
169 345
169 369
169 378
169 390
199 50
199 64
199 86
199 124
199 126
199 131
199 158
199 159
199 168
199 183
199 187
199 223
199 236
199 237
199 252
199 254
199 307
199 325
199 330
199 342
199 369
199 374
199 380
199 391
204 80
204 100
204 104
204 145
204 167
204 198
204 212
204 217
204 237
204 239
204 250
204 262
204 272
204 292
204 296
204 313
204 349
204 368
204 372
204 390
211 24
211 33
211 44
211 55
211 102
211 136
211 143
211 144
211 154
211 201
211 209
211 218
211 238
211 267
211 284
211 291
211 316
211 317
211 320
211 362
211 372
247 12
247 27
247 61
247 68
247 79
247 91
247 99
247 119
247 148
247 168
247 229
247 237
247 252
247 260
247 264
247 272
247 273
247 284
247 292
247 295
247 322
247 334
247 378
247 385
247 387
248 22
248 78
248 102
248 106
248 156
248 160
248 172
248 202
248 210
248 213
248 227
248 235
248 264
248 269
248 288
248 292
248 297
248 300
248 305
248 326
248 380
248 384
264 35
264 82
264 115
264 166
264 173
264 182
264 185
264 186
264 192
264 209
264 222
264 226
264 232
264 258
264 267
264 292
264 317
264 350
264 358
264 372
264 373
347 39
347 114
347 117
347 136
347 144
347 146
347 186
347 193
347 236
347 242
347 243
347 281
347 300
347 315
347 328
347 341
347 366
347 368
347 370
347 371
347 384
347 386
347 389
347 391
347 394
358 28
358 39
358 52
358 55
358 93
358 143
358 252
358 269
358 271
358 275
358 288
358 309
358 319
358 333
358 336
358 339
358 352
358 361
358 363
358 369
358 377
358 379
358 380
358 391
359 51
359 96
359 100
359 121
359 137
359 194
359 218
359 225
359 231
359 261
359 285
359 294
359 313
359 320
359 330
359 344
359 356
359 364
359 370
359 375
365 21
365 70
365 85
365 115
365 132
365 162
365 182
365 206
365 304
365 315
365 329
365 330
365 331
365 340
365 344
365 346
365 360
365 395
372 10
372 41
372 47
372 52
372 77
372 146
372 154
372 167
372 213
372 218
372 261
372 269
372 299
372 322
372 333
372 340
372 345
372 356
372 378
372 390
372 394
2 17
2 57
2 59
2 67
2 85
2 88
2 107
2 113
2 143
2 154
2 168
2 173
2 208
2 218
2 241
2 250
2 296
2 304
2 315
17 9
17 44
17 70
17 80
17 137
17 164
17 165
17 197
17 198
17 223
17 267
17 285
17 315
17 361
17 378
17 392
57 21
57 24
57 34
57 44
57 47
57 55
57 61
57 68
57 75
57 86
57 112
57 117
57 132
57 158
57 173
57 193
57 218
57 224
57 237
57 263
57 285
57 303
57 313
57 341
57 351
57 360
57 386
59 14
59 23
59 50
59 51
59 72
59 74
59 91
59 94
59 104
59 107
59 119
59 132
59 160
59 168
59 187
59 191
59 197
59 224
59 234
59 244
59 249
59 252
59 269
59 301
59 332
59 351
59 393
67 22
67 67
67 70
67 74
67 102
67 130
67 135
67 240
67 280
67 305
67 332
67 340
67 375
85 13
85 18
85 27
85 29
85 50
85 58
85 62
85 113
85 148
85 154
85 181
85 202
85 249
85 265
85 274
85 301
88 13
88 64
88 69
88 70
88 95
88 102
88 239
88 331
88 354
88 375
107 19
107 25
107 45
107 109
107 129
107 145
107 178
107 192
107 217
107 223
107 229
107 257
107 270
107 300
107 301
107 307
107 345
107 356
113 36
113 71
113 75
113 99
113 106
113 121
113 137
113 143
113 148
113 161
113 164
113 186
113 194
113 210
113 215
113 218
113 227
113 238
113 242
113 246
113 383
113 384
113 392
143 35
143 74
143 100
143 103
143 114
143 115
143 156
143 163
143 166
143 184
143 189
143 190
143 214
143 225
143 260
143 279
143 288
143 295
143 321
143 334
143 345
143 376
143 398
154 13
154 22
154 115
154 116
154 167
154 187
154 232
154 240
154 250
154 251
154 271
154 360
154 391
168 14
168 27
168 28
168 33
168 61
168 96
168 110
168 121
168 123
168 174
168 179
168 182
168 186
168 189
168 191
168 197
168 216
168 220
168 303
168 326
168 354
173 33
173 51
173 71
173 140
173 174
173 187
173 260
173 289
173 297
173 305
173 308
173 311
173 317
173 346
173 384
173 393
173 395
208 19
208 55
208 68
208 97
208 128
208 165
208 170
208 179
208 208
208 257
208 265
208 279
208 295
208 376
218 110
218 117
218 210
218 220
218 233
218 234
218 239
218 252
218 253
218 275
218 280
218 283
218 317
218 332
218 334
218 343
218 394
241 22
241 24
241 35
241 47
241 75
241 93
241 102
241 131
241 140
241 151
241 157
241 165
241 166
241 178
241 192
241 201
241 227
241 234
241 253
241 267
241 273
241 278
241 284
241 295
241 306
241 322
241 327
250 70
250 71
250 74
250 90
250 98
250 135
250 219
250 227
250 251
250 257
250 266
250 271
250 291
250 326
250 332
250 341
250 395
296 34
296 39
296 86
296 99
296 129
296 130
296 137
296 144
296 166
296 193
296 216
296 237
296 279
296 317
296 342
296 379
296 397
304 41
304 63
304 74
304 78
304 104
304 156
304 160
304 183
304 190
304 191
304 197
304 231
304 249
304 300
304 304
304 338
304 344
304 350
304 357
304 363
304 377
304 386
304 387
315 52
315 91
315 120
315 157
315 225
315 237
315 269
315 284
315 301
315 309
315 316
315 322
315 323
315 331
315 336
315 345
315 357
315 380
315 383
8 6
8 18
8 28
8 34
8 37
8 60
8 77
8 98
8 108
8 164
8 227
8 266
8 284
8 378
8 380
12 19
12 21
12 25
12 46
12 70
12 102
12 132
12 202
12 242
12 246
12 261
12 295
12 297
12 383
37 6
37 9
37 10
37 15
37 34
37 64
37 65
37 69
37 80
37 124
37 130
37 132
37 151
37 160
37 209
37 220
37 257
37 333
37 346
37 380
37 383
37 386
37 390
37 393
39 9
39 13
39 24
39 41
39 55
39 58
39 63
39 70
39 92
39 93
39 115
39 122
39 135
39 170
39 212
39 231
39 251
39 281
39 303
39 328
39 345
58 15
58 23
58 34
58 51
58 52
58 69
58 75
58 99
58 108
58 181
58 202
58 213
58 243
58 278
58 297
58 396
78 22
78 63
78 70
78 74
78 79
78 99
78 121
78 124
78 196
78 201
78 205
78 222
78 225
78 230
78 257
78 278
78 283
78 289
78 308
78 321
78 327
78 383
78 392
82 25
82 35
82 50
82 73
82 77
82 90
82 112
82 126
82 137
82 165
82 188
82 215
82 224
82 235
82 274
82 321
82 345
124 73
124 96
124 130
124 133
124 142
124 158
124 161
124 163
124 197
124 244
124 246
124 273
124 275
124 313
124 349
124 357
124 373
153 34
153 41
153 52
153 75
153 103
153 121
153 148
153 160
153 178
153 185
153 188
153 305
153 306
153 313
153 317
153 334
153 350
177 45
177 98
177 103
177 106
177 111
177 166
177 187
177 194
177 198
177 243
177 249
177 279
177 280
177 291
177 294
177 378
177 393
280 72
280 106
280 121
280 142
280 200
280 202
280 226
280 239
280 274
280 314
280 323
280 334
280 361
289 22
289 28
289 121
289 136
289 160
289 178
289 190
289 210
289 217
289 224
289 268
289 275
289 283
289 369
289 370
289 394
21 22
21 23
21 24
21 46
21 75
21 99
21 106
21 112
21 118
21 137
21 159
21 164
21 184
21 189
21 224
21 251
21 295
21 339
22 9
22 22
22 69
22 91
22 188
22 221
22 253
22 294
22 329
22 330
22 351
22 360
22 370
30 19
30 29
30 38
30 41
30 64
30 102
30 112
30 117
30 129
30 179
30 181
30 191
30 195
30 231
30 263
30 266
30 308
30 327
30 355
30 386
41 23
41 62
41 70
41 71
41 79
41 111
41 121
41 163
41 226
41 238
41 303
41 368
41 369
77 14
77 23
77 46
77 75
77 97
77 128
77 134
77 160
77 163
77 182
77 193
77 232
77 235
77 260
77 317
77 332
77 348
90 6
90 18
90 23
90 54
90 98
90 131
90 135
90 195
90 210
90 219
90 223
90 225
90 270
90 273
90 284
90 309
90 317
90 322
90 331
90 339
90 368
90 391
93 15
93 23
93 33
93 36
93 61
93 99
93 111
93 137
93 144
93 147
93 161
93 176
93 195
93 197
93 212
93 219
93 260
93 284
93 303
93 312
93 340
93 391
161 29
161 68
161 126
161 181
161 191
161 192
161 198
161 219
161 243
161 257
161 261
161 281
161 288
161 341
161 345
161 373
192 97
192 114
192 115
192 140
192 151
192 157
192 166
192 183
192 194
192 230
192 260
192 299
192 320
192 374
194 35
194 74
194 100
194 106
194 127
194 135
194 147
194 166
194 174
194 175
194 176
194 178
194 195
194 198
194 212
194 233
194 251
194 266
194 284
194 303
194 318
194 356
194 380
202 6
202 92
202 151
202 206
202 222
202 231
202 251
202 268
202 271
202 275
202 292
202 295
202 301
202 326
202 354
212 20
212 29
212 38
212 130
212 183
212 201
212 210
212 215
212 249
212 270
212 273
212 338
212 370
212 390
229 15
229 19
229 24
229 27
229 79
229 103
229 119
229 133
229 201
229 249
229 251
229 257
229 260
229 266
229 278
229 279
229 295
229 312
229 314
229 320
229 328
229 342
229 386
229 387
236 13
236 27
236 70
236 100
236 122
236 130
236 144
236 179
236 184
236 185
236 205
236 210
236 223
236 233
236 338
236 393
258 34
258 35
258 51
258 71
258 150
258 156
258 157
258 210
258 244
258 253
258 283
258 288
258 327
258 335
258 375
258 380
274 47
274 69
274 102
274 133
274 225
274 237
274 240
274 243
274 266
274 268
274 269
274 270
274 271
274 279
274 299
274 323
274 332
274 333
274 369
274 379
274 396
327 44
327 50
327 69
327 86
327 148
327 178
327 179
327 261
327 281
327 313
327 346
327 352
327 367
327 392
327 398
348 112
348 122
348 160
348 180
348 232
348 251
348 307
348 309
348 316
348 317
348 342
348 376
348 395
386 19
386 75
386 96
386 106
386 122
386 167
386 205
386 243
386 263
386 269
386 300
386 314
386 317
386 344
386 352
386 361
386 379
386 380
386 387
386 390
63 25
63 46
63 47
63 62
63 80
63 104
63 127
63 128
63 186
63 195
63 198
63 237
63 239
63 243
63 260
63 306
63 321
63 322
63 398
122 6
122 115
122 117
122 123
122 148
122 158
122 163
122 180
122 189
122 197
122 206
122 262
122 266
122 297
122 340
122 345
122 366
122 385
122 391
128 29
128 35
128 50
128 51
128 70
128 91
128 109
128 120
128 140
128 147
128 159
128 160
128 163
128 165
128 185
128 232
128 297
128 394
129 104
129 142
129 149
129 193
129 197
129 225
129 239
129 279
129 307
129 384
160 64
160 75
160 106
160 131
160 136
160 150
160 170
160 216
160 269
160 285
160 309
160 312
160 357
160 361
160 363
160 367
160 382
160 394
163 9
163 109
163 111
163 135
163 147
163 164
163 182
163 216
163 235
163 260
163 270
163 294
163 312
163 319
163 345
163 361
163 364
163 370
163 375
163 395
210 28
210 55
210 86
210 100
210 148
210 157
210 176
210 189
210 239
210 254
210 297
210 314
210 326
210 328
210 330
210 340
305 19
305 33
305 62
305 70
305 75
305 157
305 170
305 179
305 190
305 196
305 217
305 220
305 252
305 269
305 292
305 312
305 314
305 324
305 352
305 362
305 364
351 75
351 86
351 104
351 112
351 115
351 116
351 137
351 221
351 223
351 251
351 339
351 384
351 392
383 13
383 115
383 126
383 182
383 191
383 294
383 311
383 336
383 341
383 378
6 29
6 33
6 52
6 68
6 75
6 80
6 86
6 99
6 110
6 116
6 174
6 187
6 254
6 292
6 354
6 361
6 371
6 384
29 34
29 44
29 45
29 46
29 51
29 74
29 96
29 97
29 99
29 131
29 135
29 179
29 195
29 222
29 225
29 231
29 267
29 279
29 295
29 329
29 341
29 357
29 387
29 389
33 13
33 51
33 62
33 69
33 70
33 142
33 176
33 178
33 182
33 186
33 188
33 215
33 266
33 284
33 382
52 19
52 27
52 28
52 52
52 60
52 65
52 94
52 135
52 140
52 148
52 150
52 235
52 260
52 340
52 368
52 395
68 9
68 35
68 38
68 51
68 96
68 118
68 132
68 144
68 184
68 190
68 219
68 238
68 266
68 324
68 339
68 350
68 354
68 398
75 15
75 18
75 38
75 42
75 70
75 71
75 73
75 95
75 99
75 132
75 137
75 144
75 187
75 220
75 226
75 232
75 333
75 367
80 34
80 38
80 79
80 96
80 103
80 123
80 167
80 198
80 220
80 240
80 244
80 295
80 306
80 309
80 350
80 361
86 45
86 54
86 70
86 72
86 74
86 97
86 112
86 121
86 172
86 232
86 329
86 332
86 345
86 352
86 378
86 384
99 46
99 50
99 65
99 98
99 117
99 119
99 132
99 142
99 157
99 225
99 238
99 268
99 300
99 309
99 352
99 355
99 371
99 393
110 9
110 181
110 195
110 234
110 242
110 260
110 300
110 349
110 367
110 374
116 18
116 50
116 71
116 120
116 176
116 178
116 181
116 205
116 222
116 266
116 279
116 312
116 322
116 344
116 352
116 360
174 9
174 69
174 71
174 96
174 106
174 109
174 112
174 118
174 119
174 147
174 151
174 157
174 159
174 180
174 187
174 195
174 197
174 198
174 206
174 260
174 266
174 321
174 355
174 398
187 104
187 108
187 123
187 142
187 184
187 185
187 190
187 205
187 220
187 242
187 281
187 288
187 318
187 362
254 9
254 20
254 35
254 38
254 50
254 167
254 205
254 213
254 219
254 221
254 223
254 225
254 254
254 265
254 284
254 328
254 369
254 377
292 50
292 142
292 158
292 178
292 200
292 235
292 251
292 272
292 283
292 299
292 311
292 340
292 350
292 369
292 392
354 20
354 60
354 61
354 74
354 136
354 144
354 195
354 246
354 251
354 269
354 271
354 294
354 303
354 309
354 311
354 312
354 319
354 333
354 345
354 364
361 65
361 87
361 132
361 134
361 157
361 179
361 185
361 213
361 222
361 225
361 234
361 283
361 309
361 364
361 368
371 64
371 112
371 119
371 131
371 239
371 244
371 297
371 314
371 329
371 341
371 343
371 346
371 355
371 373
371 382
384 9
384 45
384 79
384 140
384 148
384 167
384 217
384 230
384 234
384 268
384 307
384 308
384 312
384 322
384 326
384 328
384 344
384 355
384 364
384 368
384 374
384 375
384 377
97 9
97 19
97 27
97 28
97 34
97 35
97 47
97 55
97 62
97 70
97 87
97 92
97 268
97 295
97 326
97 343
97 395
118 108
118 109
118 123
118 130
118 132
118 136
118 156
118 172
118 183
118 217
118 261
118 279
118 330
118 396
130 28
130 42
130 45
130 61
130 87
130 112
130 115
130 117
130 146
130 181
130 184
130 188
130 196
130 216
130 251
130 297
130 314
130 326
130 328
130 345
135 10
135 15
135 44
135 71
135 72
135 96
135 147
135 172
135 179
135 189
135 288
135 330
135 377
135 395
223 91
223 95
223 132
223 189
223 200
223 224
223 234
223 235
223 252
223 253
223 314
223 330
223 344
223 346
223 375
251 47
251 55
251 65
251 79
251 123
251 136
251 150
251 222
251 225
251 230
251 252
251 269
251 271
251 297
251 299
251 333
251 396
307 91
307 102
307 115
307 170
307 213
307 288
307 306
307 309
307 322
307 325
307 328
307 330
307 338
307 340
307 364
307 385
307 390
307 391
307 397
316 13
316 27
316 38
316 131
316 158
316 164
316 176
316 209
316 222
316 239
316 242
316 281
316 308
316 309
316 313
316 323
316 326
316 342
316 360
316 362
316 373
316 390
316 392
316 395
316 398
320 9
320 72
320 127
320 176
320 221
320 231
320 244
320 269
320 299
320 319
320 323
320 324
320 326
320 334
320 355
320 388
350 38
350 148
350 166
350 181
350 185
350 324
350 326
350 344
350 349
350 380
363 23
363 44
363 213
363 238
363 306
363 309
363 356
363 364
363 378
363 396
379 64
379 111
379 231
379 234
379 244
379 246
379 291
379 294
379 322
379 340
379 344
379 379
18 51
18 94
18 132
18 147
18 179
18 191
18 195
18 213
18 217
18 246
18 346
18 352
18 398
28 23
28 25
28 35
28 54
28 64
28 98
28 127
28 165
28 300
28 318
28 331
28 341
28 362
34 23
34 27
34 36
34 45
34 74
34 182
34 227
34 234
34 239
34 249
34 272
34 291
34 303
34 349
34 360
34 376
60 47
60 79
60 119
60 146
60 159
60 222
60 235
60 312
60 331
60 340
60 392
98 23
98 71
98 98
98 186
98 205
98 219
98 265
98 309
98 332
98 349
98 397
108 96
108 111
108 123
108 170
108 200
108 246
108 314
108 391
164 47
164 54
164 74
164 123
164 140
164 170
164 201
164 240
164 243
164 261
164 356
164 362
227 10
227 73
227 121
227 140
227 142
227 148
227 193
227 226
227 237
227 244
227 294
227 303
227 314
227 336
227 342
227 349
227 357
227 367
227 369
266 95
266 103
266 144
266 145
266 209
266 231
266 242
266 271
266 324
266 328
266 333
266 355
266 373
266 388
266 392
284 13
284 23
284 27
284 94
284 151
284 162
284 180
284 222
284 225
284 263
284 265
284 291
284 299
284 334
284 370
378 54
378 64
378 71
378 148
378 158
378 215
378 222
378 240
378 269
378 271
378 311
378 322
378 375
378 394
378 398
380 127
380 144
380 162
380 181
380 185
380 217
380 300
380 312
380 321
380 324
380 338
9 50
9 54
9 61
9 112
9 117
9 121
9 133
9 201
9 234
9 237
9 279
9 294
9 330
9 338
9 389
9 394
50 62
50 65
50 69
50 102
50 132
50 148
50 156
50 158
50 170
50 200
50 230
50 253
50 317
50 324
50 329
54 54
54 69
54 71
54 73
54 111
54 183
54 193
54 269
54 387
54 392
61 10
61 51
61 64
61 65
61 71
61 74
61 106
61 131
61 149
61 159
61 213
61 288
61 299
61 349
61 357
61 369
61 394
112 25
112 111
112 146
112 166
112 182
112 205
112 295
112 319
112 331
112 336
112 349
112 374
112 382
112 388
117 102
117 114
117 127
117 131
117 132
117 142
117 146
117 181
117 189
117 197
117 246
117 271
117 288
117 309
117 328
117 339
117 345
117 346
121 106
121 134
121 137
121 166
121 170
121 179
121 181
121 219
121 224
121 387
133 20
133 44
133 87
133 114
133 119
133 193
133 217
133 240
133 270
133 324
133 325
133 369
133 397
201 23
201 71
201 176
201 209
201 213
201 219
201 221
201 224
201 226
201 234
201 240
201 242
201 252
201 275
201 323
201 341
234 69
234 126
234 159
234 214
234 215
234 217
234 222
234 230
234 261
234 360
237 15
237 19
237 51
237 55
237 94
237 131
237 148
237 184
237 200
237 205
237 214
237 233
237 262
237 269
237 346
279 23
279 64
279 72
279 74
279 94
279 137
279 144
279 157
279 196
279 209
279 217
279 230
279 275
279 299
279 325
279 377
279 395
294 35
294 71
294 120
294 185
294 195
294 200
294 214
294 219
294 235
294 240
294 244
294 249
294 288
294 295
294 311
294 319
294 346
294 349
294 366
294 376
294 382
330 25
330 38
330 109
330 146
330 166
330 193
330 196
330 235
330 240
330 270
330 300
330 301
330 329
330 333
330 335
330 336
330 343
330 349
330 352
330 398
338 24
338 45
338 87
338 131
338 145
338 151
338 301
338 331
338 333
389 44
389 126
389 178
389 206
389 217
389 235
389 257
389 272
389 295
389 306
389 319
389 333
389 346
394 70
394 102
394 111
394 159
394 165
394 215
394 270
394 271
394 273
394 318
394 335
394 367
394 369
394 391
10 65
10 70
10 72
10 144
10 145
10 184
10 191
10 197
10 209
10 311
10 319
10 328
10 335
10 392
65 15
65 73
65 87
65 91
65 94
65 132
65 167
65 179
65 183
65 186
65 253
65 257
65 314
65 319
70 46
70 146
70 156
70 179
70 181
70 222
70 253
70 269
70 312
70 333
70 374
72 44
72 51
72 96
72 126
72 136
72 179
72 183
72 191
72 209
72 219
72 283
72 344
72 355
144 38
144 47
144 132
144 145
144 147
144 158
144 179
144 249
144 262
144 265
144 269
144 343
145 158
145 188
145 189
145 249
145 260
145 329
145 331
145 344
184 69
184 119
184 120
184 134
184 170
184 184
184 189
184 198
184 272
184 300
184 328
184 331
184 343
184 362
184 373
191 20
191 109
191 146
191 149
191 159
191 198
191 288
191 308
191 340
191 352
191 376
197 96
197 104
197 109
197 134
197 181
197 198
197 233
197 240
197 262
197 331
209 45
209 74
209 79
209 95
209 102
209 159
209 200
209 224
209 225
209 271
209 281
209 283
209 288
209 341
209 345
209 357
209 396
311 25
311 156
311 186
311 301
311 308
311 340
311 355
311 369
311 373
311 377
319 91
319 126
319 127
319 131
319 179
319 205
319 238
319 288
319 324
319 325
319 331
319 344
319 364
319 366
319 369
328 36
328 62
328 100
328 126
328 146
328 156
328 270
328 300
328 352
328 367
335 115
335 134
335 170
335 182
335 189
335 242
335 243
335 257
335 265
335 281
335 300
335 318
335 325
335 331
335 336
335 344
335 345
335 356
335 368
392 92
392 120
392 131
392 147
392 149
392 217
392 291
392 321
392 323
392 329
392 331
392 336
392 355
392 370
13 24
13 44
13 91
13 106
13 136
13 150
13 156
13 167
13 189
13 291
13 297
13 303
13 344
13 393
14 23
14 24
14 44
14 62
14 71
14 216
14 232
14 253
14 318
14 333
14 340
14 346
73 25
73 35
73 44
73 47
73 71
73 91
73 140
73 142
73 249
73 253
73 273
73 300
73 318
73 369
73 375
73 376
73 388
167 150
167 214
167 253
167 272
167 312
167 387
167 390
167 396
179 15
179 25
179 120
179 132
179 140
179 142
179 149
179 151
179 158
179 162
179 249
179 312
179 329
185 44
185 114
185 136
185 176
185 182
185 195
185 198
185 231
185 244
185 265
185 285
189 64
189 100
189 165
189 180
189 188
189 196
189 321
189 341
189 370
189 376
206 131
206 217
206 219
206 263
206 306
206 336
249 62
249 148
249 162
249 205
249 213
249 232
249 233
249 235
249 262
249 268
249 273
249 385
249 398
309 51
309 94
309 142
309 233
309 269
309 300
309 318
309 362
309 366
309 369
309 397
366 96
366 119
366 127
366 172
366 217
366 230
366 233
366 243
366 306
366 341
366 356
19 134
19 233
19 244
19 291
19 303
19 317
19 374
25 64
25 149
25 172
25 318
25 326
46 36
46 47
46 137
46 170
46 190
46 265
46 269
46 281
46 373
46 391
46 395
46 397
102 114
102 149
102 159
102 170
102 180
102 188
102 322
102 340
102 390
132 47
132 92
132 114
132 268
132 283
132 295
132 367
132 375
132 395
242 44
242 137
242 205
242 261
242 267
242 388
246 20
246 42
246 137
246 149
246 183
246 188
246 198
246 200
246 295
246 314
246 325
246 332
246 362
246 375
246 390
261 79
261 148
261 156
261 165
261 180
261 222
261 243
261 269
261 299
261 322
261 345
261 368
261 398
295 69
295 74
295 220
295 221
295 224
295 225
295 231
295 285
295 288
295 343
295 387
295 390
297 71
297 103
297 115
297 195
297 205
297 301
297 303
297 332
297 343
297 344
24 35
24 95
24 172
24 205
24 273
24 285
24 323
24 332
24 352
24 385
44 35
44 182
44 224
44 257
44 321
44 336
44 344
44 376
44 390
44 391
91 15
91 42
91 71
91 79
91 136
91 170
91 182
91 198
91 220
91 224
91 233
91 344
106 131
106 134
106 137
106 149
106 175
106 190
106 196
106 222
106 301
106 314
106 325
106 332
106 352
136 20
136 100
136 104
136 120
136 131
136 136
136 205
136 291
136 370
136 396
150 27
150 35
150 146
150 170
150 188
150 196
150 321
150 336
150 368
150 393
156 119
156 213
156 235
156 317
156 334
156 391
291 114
291 195
291 215
291 217
291 219
291 221
291 235
291 252
291 281
291 321
291 323
291 382
303 38
303 114
303 127
303 231
303 270
303 329
303 333
303 340
303 341
303 367
303 398
344 20
344 120
344 180
344 244
344 268
344 270
344 271
344 306
344 321
344 332
344 388
344 390
344 397
393 79
393 87
393 146
393 148
393 190
393 216
393 239
393 352
393 367
393 370
393 391
23 23
23 45
23 51
23 137
23 140
23 214
23 226
23 233
23 285
23 349
23 375
62 27
62 92
62 162
62 178
62 220
62 238
62 345
62 367
62 370
62 397
71 181
71 267
71 301
71 362
71 377
216 147
216 176
216 238
216 283
216 321
216 377
232 35
232 111
232 151
232 175
232 182
232 215
232 243
232 271
232 299
232 312
232 323
253 119
253 127
253 178
253 267
253 288
253 329
253 334
253 368
318 47
318 111
318 123
318 165
318 170
318 175
318 270
318 301
318 322
318 324
318 341
318 356
333 123
333 314
333 321
333 331
333 340
333 341
333 349
333 352
333 356
333 367
333 387
340 55
340 100
340 131
340 198
340 283
340 326
340 341
340 345
340 385
346 96
346 149
346 200
346 262
346 273
346 283
346 300
346 312
346 322
346 326
346 343
346 352
346 368
346 385
15 64
15 74
15 87
15 137
15 146
15 149
15 183
15 200
15 239
15 272
15 373
15 374
64 47
64 87
64 95
64 115
64 244
64 270
64 273
64 278
64 283
64 313
64 323
74 79
74 120
74 221
74 322
74 396
87 36
87 51
87 114
87 120
87 183
87 195
87 224
87 306
87 325
87 349
137 115
137 127
137 147
137 157
137 159
137 178
137 183
137 195
137 332
137 357
137 377
137 382
146 103
146 114
146 140
146 148
146 183
146 233
146 270
146 308
146 341
146 373
149 114
149 166
149 186
149 195
149 214
149 240
149 244
149 270
149 300
149 329
149 345
183 147
183 158
183 159
183 172
183 188
183 239
183 263
183 273
183 317
183 339
183 364
183 368
200 131
200 257
200 265
200 300
200 329
200 364
239 109
239 221
239 226
239 238
239 239
239 257
239 281
239 301
272 158
272 159
272 172
272 230
272 283
272 299
272 301
272 324
272 352
272 382
272 385
272 388
373 36
373 38
373 42
373 126
373 219
373 300
373 322
373 323
373 334
373 339
373 357
373 370
374 230
374 312
374 323
374 341
374 362
374 367
374 374
374 388
27 20
27 181
27 260
27 269
27 271
27 312
27 322
27 355
27 385
27 391
27 398
159 100
159 178
159 225
159 265
159 301
159 322
159 362
159 367
182 115
182 126
182 190
182 198
182 215
182 240
182 244
182 252
267 38
267 55
267 158
267 230
267 235
267 278
267 288
267 312
267 395
326 47
326 175
326 180
326 281
326 300
326 301
326 326
326 336
326 356
326 364
326 375
360 119
360 148
360 322
360 339
360 369
360 382
165 157
165 273
165 278
165 317
165 364
165 390
198 148
198 176
198 196
198 225
198 252
198 265
198 308
198 377
198 391
285 95
285 170
285 219
285 221
285 243
285 244
285 275
285 283
285 324
51 38
51 55
51 225
51 271
94 219
94 357
147 109
147 119
147 134
147 219
147 220
147 252
147 331
147 341
147 345
195 109
195 123
195 126
195 148
195 190
195 193
195 196
195 214
195 224
213 79
213 104
213 142
213 226
213 257
213 262
213 269
213 376
217 205
217 252
217 283
217 395
352 42
352 329
352 334
352 382
352 385
398 42
398 131
398 142
398 188
398 219
398 222
398 252
398 273
398 300
398 321
398 329
398 342
398 343
398 390
398 398
134 114
134 140
134 148
134 188
134 196
134 221
134 262
134 321
134 325
134 357
134 382
134 391
233 47
233 205
233 257
233 312
233 314
233 382
244 100
244 205
244 215
244 262
244 269
244 283
244 345
317 100
317 103
317 178
317 214
317 231
317 288
317 314
317 317
317 334
317 368
317 375
317 385
20 35
20 36
20 47
20 252
20 275
20 342
20 364
35 35
35 38
35 119
35 123
35 190
35 220
35 257
35 357
35 370
35 390
35 395
36 95
36 270
47 100
47 224
47 268
47 312
47 336
47 370
47 397
252 96
252 109
252 126
252 181
252 214
252 226
252 230
252 240
252 275
252 342
275 162
275 260
275 265
275 377
275 382
342 148
342 196
342 262
342 300
342 313
342 341
342 362
342 370
342 382
342 396
364 96
364 186
364 265
364 278
364 306
364 312
364 324
364 331
364 332
364 356
364 375
364 387
224 69
224 343
339 42
339 190
339 225
339 262
339 271
339 324
339 345
339 357
339 370
69 92
69 111
69 175
69 278
69 283
69 306
69 376
69 388
188 38
188 148
188 158
188 176
188 181
188 190
188 214
188 220
188 262
188 269
188 397
221 114
221 181
221 345
329 260
329 322
329 323
329 349
329 367
329 397
370 79
370 111
370 186
370 301
370 324
370 377
370 390
45 55
45 96
45 111
45 265
45 376
140 104
140 186
140 215
140 240
140 382
214 170
214 205
214 235
214 269
214 283
214 314
214 357
226 142
226 162
226 196
226 235
226 240
226 262
226 271
226 273
226 362
226 376
226 388
349 166
349 313
349 341
375 109
375 170
375 190
375 325
375 391
95 95
95 299
95 301
172 176
172 181
172 190
172 300
172 325
172 343
172 391
205 238
205 240
205 269
205 283
205 300
205 377
205 385
273 176
273 235
273 271
273 273
273 322
273 345
323 38
323 235
323 322
323 395
332 257
332 314
332 325
332 336
332 356
332 368
332 396
385 262
385 312
385 325
385 357
120 151
120 180
120 314
120 331
175 96
175 178
175 193
175 235
175 257
175 260
175 357
175 376
300 79
300 190
300 220
300 231
300 306
300 314
300 321
300 324
300 345
300 357
300 369
300 376
300 396
181 114
181 119
181 126
181 142
181 170
181 181
181 265
181 376
260 126
260 262
260 265
260 281
260 341
260 356
269 176
269 235
269 243
269 270
269 278
269 306
269 391
271 231
312 55
312 119
312 243
312 301
312 314
312 345
312 387
312 391
312 396
322 115
322 190
322 231
322 235
322 308
322 321
322 322
322 334
322 388
355 103
355 270
355 345
355 369
355 390
391 220
391 301
391 367
127 148
127 178
127 301
127 331
331 111
331 321
331 331
331 343
331 362
341 42
341 215
341 308
341 343
341 390
341 396
362 79
362 104
362 230
362 308
362 336
362 357
362 377
362 396
362 397
96 79
96 96
96 314
96 345
131 115
131 123
131 142
131 178
131 321
131 357
222 114
222 324
225 79
225 104
225 180
225 215
225 235
225 238
225 263
225 281
225 369
231 55
231 162
231 215
231 235
231 243
231 262
231 345
231 357
357 301
357 321
357 368
357 377
387 79
387 170
387 270
387 368
387 396
38 123
38 283
38 356
263 111
263 186
263 263
263 281
308 151
308 243
308 283
308 369
55 79
55 151
55 238
55 345
114 235
114 281
158 126
158 178
158 180
158 190
158 265
158 345
158 376
270 126
270 324
299 166
299 180
299 240
299 299
299 325
299 345
314 119
314 178
314 186
382 176
382 186
382 219
382 235
382 324
382 356
230 126
230 283
301 288
313 109
313 142
313 157
313 162
313 178
313 321
313 388
142 100
142 162
142 170
176 190
176 397
178 92
178 100
178 196
178 215
178 281
178 321
178 395
186 306
215 103
215 123
215 265
215 281
376 288
376 377
376 388
376 390
119 42
119 180
119 196
123 100
123 190
190 111
190 170
220 42
220 103
220 219
220 288
220 396
257 115
257 243
257 324
257 356
390 396
395 115
395 397
151 109
151 111
151 115
151 334
151 396
283 104
283 238
283 243
356 126
356 306
356 369
92 265
92 278
92 367
92 369
115 109
170 111
170 278
281 336
281 388
345 238
345 306
345 343
79 103
79 157
79 193
111 42
111 334
111 369
238 157
238 288
238 343
369 196
369 369
42 240
240 243
321 104
321 166
321 336
336 336
336 397
265 235
397 157
397 343
100 148
100 166
100 193
100 219
100 235
268 367
126 157
126 166
126 324
126 367
148 103
148 104
148 109
148 306
324 162
324 324
235 243
193 278
193 288
166 103
166 180
166 367
243 157
243 180
243 396
396 396
288 367
162 109
162 262
162 367
306 334
306 377
388 334
377 180
109 109
109 180
109 343
103 262
180 180
