0 4
0 10
0 12
0 18
0 27
0 45
0 49
0 57
0 59
0 74
0 88
0 90
0 261
4 4
4 28
4 30
4 32
4 42
4 45
4 85
10 52
10 56
10 74
10 76
10 181
12 13
12 22
12 36
12 37
12 39
12 55
12 64
12 69
12 80
12 82
12 84
12 89
12 91
12 98
12 117
18 7
18 14
18 41
18 45
18 50
18 62
18 63
18 80
18 83
18 90
18 96
18 106
27 19
27 29
27 38
27 50
27 53
27 64
27 78
27 87
27 326
45 6
45 22
45 26
45 35
45 49
45 53
45 64
45 69
45 73
45 76
45 83
49 23
49 26
49 64
49 72
49 96
57 8
57 11
57 16
57 23
57 36
57 53
57 59
57 60
57 72
57 79
57 84
57 96
57 99
59 7
59 13
59 21
59 31
59 32
59 37
59 46
59 58
59 87
59 97
59 338
74 24
74 28
74 29
74 33
74 34
74 36
74 39
74 58
74 61
74 68
74 72
74 86
74 91
88 6
88 34
88 42
88 46
88 50
88 51
88 58
88 68
88 84
88 86
88 90
88 154
90 9
90 34
90 43
90 44
90 52
90 66
90 70
90 75
90 86
261 214
261 223
261 224
261 225
261 231
261 242
261 246
261 248
261 254
261 268
261 291
261 295
1 3
1 36
1 51
1 53
1 62
1 77
1 83
1 97
3 19
3 25
3 35
3 38
3 42
3 50
3 60
3 66
3 67
3 76
36 20
36 68
36 80
36 91
36 92
36 292
51 22
51 32
51 33
51 37
51 42
51 47
51 56
51 65
51 72
51 78
51 98
51 99
53 6
53 30
53 33
53 55
53 64
53 70
53 77
53 78
53 84
53 282
62 9
62 16
62 20
62 32
62 33
62 40
62 58
62 66
62 72
62 76
62 83
62 92
62 94
62 97
77 19
77 26
77 61
77 64
77 89
77 93
83 9
83 23
83 24
83 37
83 38
83 81
83 97
97 9
97 46
97 54
97 67
97 96
2 6
2 9
2 14
2 20
2 42
2 43
2 72
2 98
2 350
2 387
6 11
6 15
6 48
6 71
6 89
9 23
9 26
9 28
9 37
9 41
9 48
9 52
9 58
9 60
9 67
9 85
14 35
14 50
14 65
14 78
14 81
14 95
20 11
20 20
20 28
20 42
20 50
20 60
20 63
20 79
20 94
20 99
42 56
42 87
43 29
43 32
43 35
43 40
43 46
43 52
43 54
43 60
43 95
72 11
72 37
72 39
72 65
72 73
98 15
98 22
98 29
98 39
98 52
98 55
98 66
98 98
98 99
350 328
350 331
350 334
350 339
350 343
350 347
350 348
350 355
350 358
350 369
350 372
350 387
350 393
387 301
387 309
387 319
387 322
387 324
387 326
387 330
387 387
387 391
19 8
19 11
19 19
19 22
19 23
19 31
19 44
19 46
19 56
19 61
19 65
19 69
25 29
25 30
25 78
25 79
25 94
35 24
35 26
35 32
35 40
35 52
35 58
35 66
35 73
35 84
35 95
38 16
38 38
38 63
38 73
38 76
38 282
50 17
50 26
50 80
50 81
50 94
60 5
60 48
60 54
60 71
66 7
66 22
66 92
66 140
66 348
67 16
67 31
67 48
67 56
67 86
67 94
67 95
67 157
76 5
76 15
76 28
76 37
76 81
76 99
28 8
28 28
28 33
28 47
28 63
28 79
28 176
30 8
30 22
30 34
30 63
30 84
30 87
32 17
32 61
32 91
85 5
85 47
85 68
85 94
85 96
5 17
5 23
5 26
5 37
5 68
5 91
5 93
5 96
17 15
17 16
17 31
17 37
17 61
17 70
17 78
17 84
17 87
17 93
23 23
23 70
23 84
23 227
23 398
26 8
26 15
26 37
26 65
37 15
37 46
37 78
37 80
37 86
68 13
68 52
68 61
68 93
68 395
91 21
91 56
91 69
91 82
91 95
93 31
93 33
93 47
93 96
96 41
96 81
96 94
96 99
11 16
11 24
11 31
11 47
11 56
11 64
11 65
11 70
11 71
11 94
15 7
15 24
15 80
15 81
48 40
48 47
71 29
71 33
71 39
71 40
71 80
89 41
89 69
89 81
7 16
7 54
7 56
7 58
7 61
16 22
16 54
16 69
16 82
54 41
54 64
54 70
54 75
56 33
56 40
56 46
56 82
56 94
56 108
58 34
58 78
61 13
61 31
61 41
61 46
61 82
61 94
8 29
8 41
8 69
8 70
8 95
8 200
29 29
29 40
29 64
29 70
29 73
29 80
29 194
41 24
41 41
41 81
41 87
41 99
69 295
70 75
70 81
95 47
95 99
200 215
200 218
200 220
200 227
200 230
200 232
200 234
200 272
200 274
200 275
200 282
200 286
200 292
200 297
52 39
52 63
52 78
52 82
181 119
181 123
181 124
181 127
181 132
181 135
181 143
181 153
181 168
181 172
181 179
181 184
181 195
24 39
24 215
31 47
31 73
31 75
31 80
47 82
47 238
64 13
64 46
64 63
64 99
65 39
65 86
94 63
94 78
94 81
94 243
13 73
13 82
22 44
22 63
22 80
39 318
55 46
80 285
84 73
84 86
84 87
117 108
117 114
117 118
117 125
117 133
117 155
117 163
117 168
117 169
117 175
117 187
117 189
73 21
73 99
73 256
78 79
78 99
78 237
78 330
81 33
81 79
63 34
63 44
63 75
63 79
63 163
106 102
106 109
106 113
106 134
106 137
106 143
106 165
106 168
106 192
106 278
44 34
44 40
44 46
44 99
46 33
79 33
79 40
99 141
21 33
21 40
33 33
33 345
40 86
227 202
227 218
227 228
227 231
227 256
227 260
227 269
227 289
398 303
398 315
398 349
398 371
215 122
215 204
215 205
215 211
215 218
215 233
215 235
215 249
215 269
215 276
215 280
215 286
215 289
215 290
215 291
215 292
215 298
215 299
326 300
326 341
326 347
326 355
326 383
326 388
326 395
176 107
176 108
176 113
176 120
176 131
176 137
176 147
176 151
176 156
176 165
176 166
176 180
176 250
194 120
194 130
194 164
194 166
194 168
194 182
194 189
194 265
34 86
345 252
345 303
345 305
345 306
345 309
345 321
345 329
345 333
345 348
345 349
345 357
345 358
345 361
345 396
92 102
292 202
292 221
292 235
292 236
292 259
292 269
292 273
292 283
292 295
292 297
282 204
282 210
282 216
282 234
282 239
282 241
282 276
282 284
282 295
318 310
318 312
318 320
318 322
318 336
318 343
318 353
318 359
318 360
318 379
318 397
238 220
238 225
238 226
238 232
238 235
238 245
238 246
238 251
238 252
238 253
238 260
238 262
238 266
238 268
238 273
238 284
108 115
108 121
108 126
108 159
108 172
108 180
108 185
108 198
108 385
338 128
338 137
338 301
338 321
338 333
338 335
338 337
338 343
338 353
338 355
338 358
338 361
338 364
338 366
338 376
338 391
338 396
338 397
163 136
163 139
163 146
163 150
163 159
163 168
163 198
163 199
140 109
140 110
140 137
140 154
140 162
140 170
140 183
348 300
348 307
348 310
348 332
348 340
348 359
348 380
348 389
348 394
157 101
157 133
157 148
157 151
157 159
157 171
395 301
395 313
395 314
395 315
395 316
395 364
295 216
295 228
295 254
295 268
256 205
256 231
256 233
256 234
256 237
256 244
256 246
256 248
256 265
256 280
237 201
237 203
237 212
237 230
237 234
237 239
237 249
237 252
237 257
237 272
237 293
330 217
330 323
330 341
330 376
330 380
330 381
330 386
330 390
285 223
285 232
285 234
285 265
285 271
285 272
285 275
285 277
285 281
154 114
154 120
154 129
154 132
154 134
154 165
154 185
154 193
102 130
102 139
102 145
102 178
102 179
102 186
102 192
102 199
102 365
243 180
243 202
243 204
243 210
243 217
243 235
243 236
243 250
243 254
243 267
243 270
243 273
243 278
243 288
243 294
243 298
141 100
141 110
141 133
141 142
141 148
141 155
141 160
141 161
141 173
100 100
100 129
100 148
100 156
100 158
129 101
129 114
129 150
129 158
129 173
129 186
129 195
148 120
148 136
148 139
148 144
148 156
148 193
156 113
156 125
156 132
156 136
156 137
156 172
156 182
156 196
158 103
158 128
158 160
158 172
158 199
101 115
101 123
101 124
101 126
101 165
101 172
101 192
101 193
115 104
115 107
115 115
115 123
115 133
115 137
115 139
115 166
115 169
115 182
115 192
115 311
123 103
123 109
123 121
123 125
123 146
123 166
123 173
123 177
123 187
123 191
123 193
124 105
124 110
124 139
124 254
126 107
126 116
126 167
126 168
126 182
126 188
126 190
126 192
165 121
165 130
165 143
165 144
165 149
165 151
165 161
165 170
165 174
165 177
165 188
165 191
165 192
172 112
172 116
172 118
172 121
172 133
172 150
172 153
172 161
172 173
172 177
172 179
192 105
192 113
192 139
192 147
192 149
192 164
192 189
192 192
192 193
193 122
193 133
193 179
193 184
193 188
130 110
130 119
130 161
130 166
130 171
139 104
139 110
139 111
139 120
139 127
139 147
139 151
139 160
139 167
139 196
145 103
145 107
145 114
145 116
145 128
145 142
145 151
145 185
145 189
178 112
178 133
178 184
179 113
179 137
179 144
179 183
179 185
179 197
186 110
186 125
186 127
186 131
186 132
186 142
186 146
186 159
186 164
186 169
186 177
186 190
199 128
199 174
199 182
199 188
365 317
365 335
365 347
365 361
365 362
365 376
103 112
103 114
103 116
103 118
103 134
103 136
103 162
103 169
103 177
103 195
103 198
103 241
112 155
112 170
112 248
114 120
114 122
114 147
114 159
114 175
114 180
114 190
114 195
114 197
116 104
116 137
116 166
116 170
116 190
116 197
118 127
118 133
118 137
118 170
118 180
118 185
134 105
134 136
134 180
134 185
136 113
136 122
136 168
162 105
162 143
162 161
162 169
169 109
169 119
169 131
169 135
169 138
169 143
169 160
169 184
177 147
177 174
177 300
195 110
195 113
195 127
195 135
195 142
195 153
195 166
195 168
195 173
195 184
198 105
198 107
198 119
198 121
198 153
198 170
241 209
241 219
241 228
241 230
241 252
241 260
241 263
241 265
241 277
241 280
241 286
241 294
241 328
104 146
104 164
104 168
104 173
104 197
146 121
146 133
146 144
146 147
146 164
146 209
164 144
164 151
164 166
164 175
168 119
168 127
168 185
173 142
173 143
173 153
173 191
197 128
197 138
197 143
197 180
197 197
105 133
105 150
105 155
105 170
105 180
105 196
133 109
133 151
133 182
133 191
150 113
150 122
150 127
150 143
150 153
150 166
150 187
155 187
155 196
170 107
170 113
170 170
180 109
180 184
196 109
196 128
196 132
196 161
196 185
109 109
109 143
109 152
137 144
137 183
143 138
143 147
143 149
143 153
278 225
278 254
278 262
278 264
278 281
278 299
107 135
107 152
135 110
135 174
135 187
152 110
152 159
152 189
121 167
159 144
159 189
185 110
185 119
185 122
185 132
385 300
385 319
385 321
385 328
385 341
385 343
385 352
385 354
385 370
385 375
110 144
110 166
144 120
144 174
144 190
166 119
166 132
166 160
166 191
111 125
111 127
111 171
111 184
111 191
111 323
125 142
125 174
127 119
127 122
127 128
127 132
127 142
171 167
184 128
191 128
191 131
323 213
323 305
323 310
323 328
323 329
323 347
323 352
323 355
323 357
323 367
323 373
323 375
323 378
323 379
323 383
323 388
248 203
248 217
248 218
248 249
248 253
248 270
248 271
248 273
248 280
248 288
248 294
248 297
248 349
120 147
120 149
120 153
120 187
122 138
122 147
122 149
122 153
122 188
147 132
175 142
175 153
175 182
175 183
190 131
182 187
311 303
311 342
311 352
311 359
311 373
311 382
311 390
311 392
187 153
187 384
189 128
119 183
183 142
183 161
183 188
149 128
149 132
149 142
153 161
167 174
138 160
138 291
188 128
188 161
188 174
254 236
254 252
254 260
254 266
254 269
254 273
254 298
131 224
224 201
224 214
224 224
224 230
224 233
224 290
291 213
291 223
291 265
291 277
291 287
209 208
209 246
209 247
209 262
209 275
250 216
250 226
250 234
250 235
250 257
250 290
300 306
300 312
300 313
300 314
300 393
300 396
300 399
384 313
384 321
384 346
384 364
384 373
384 377
384 380
384 388
384 394
384 397
265 205
265 217
265 228
265 230
265 232
265 260
265 265
265 268
218 221
218 269
218 287
220 207
220 214
220 231
220 284
220 287
230 221
230 239
230 246
230 268
230 288
230 294
232 205
232 216
232 242
232 260
232 279
232 284
234 203
234 217
234 229
234 240
234 244
234 272
234 280
234 284
234 294
272 202
272 206
272 236
272 242
272 294
274 207
274 214
274 221
274 231
274 239
274 252
274 277
274 288
275 211
275 222
275 223
275 242
275 253
275 269
275 270
275 271
275 279
275 296
275 299
286 211
286 228
286 236
286 247
286 255
286 276
286 294
286 298
297 201
297 205
297 240
297 244
297 246
297 281
201 207
201 216
201 226
201 228
201 231
201 249
201 252
201 269
207 208
207 221
207 229
207 235
207 236
207 276
207 290
207 293
216 203
216 221
216 247
216 273
226 204
226 217
226 233
226 236
226 239
226 244
226 251
226 262
226 269
226 271
226 281
228 204
228 239
228 245
228 276
228 287
228 294
231 210
231 231
231 236
231 240
231 260
231 262
231 288
249 203
249 213
249 221
249 225
249 262
249 267
249 273
252 202
252 210
252 217
252 247
252 253
252 277
252 279
252 281
252 293
252 294
252 298
269 225
269 246
269 251
269 253
269 263
269 266
269 293
202 217
202 246
202 290
202 293
217 204
217 206
217 213
217 273
217 288
246 210
246 213
246 229
246 239
246 244
246 296
246 349
290 213
290 268
290 276
290 288
290 347
293 210
293 211
293 213
293 270
293 287
293 288
293 296
293 372
203 204
203 211
203 242
203 259
203 263
203 266
203 279
203 288
204 206
204 233
204 247
204 257
204 287
211 212
211 219
211 255
211 263
211 288
242 212
242 229
242 280
242 283
242 294
259 205
259 223
259 263
259 299
259 379
263 221
263 223
263 245
263 263
263 267
263 281
266 221
266 233
266 266
266 277
266 283
266 287
279 222
279 258
279 271
288 205
288 257
206 219
206 222
206 229
206 240
206 247
206 255
206 258
233 210
233 262
233 289
233 296
247 222
247 258
247 264
247 271
257 235
257 239
257 251
257 262
257 280
257 299
287 205
287 219
287 225
287 276
205 235
205 264
205 267
205 276
205 298
264 284
267 229
267 262
276 240
298 222
298 239
298 255
219 212
219 225
219 258
219 260
219 296
222 210
222 222
222 236
222 245
222 251
229 239
229 251
229 260
229 281
240 223
255 225
255 239
255 245
255 251
255 284
258 225
258 388
208 212
208 283
236 273
212 213
212 289
212 390
283 262
213 260
213 273
289 244
390 305
390 309
390 313
390 322
390 341
390 346
390 363
390 370
390 371
390 380
390 381
390 386
390 391
260 244
273 299
214 245
214 296
214 302
296 225
296 271
296 281
296 294
296 296
302 304
302 306
302 310
302 329
302 334
302 349
302 357
302 362
302 377
302 397
280 244
299 270
225 277
284 271
284 284
251 270
251 294
277 268
277 281
244 270
294 268
268 270
328 304
328 336
328 337
328 346
328 347
328 376
328 380
328 389
328 396
328 397
349 305
349 308
349 312
349 319
349 344
349 353
349 368
349 386
349 396
349 397
388 303
388 306
388 307
388 308
388 319
388 325
388 335
388 354
388 358
388 361
388 367
388 381
379 308
379 320
379 322
379 324
379 325
379 332
379 333
379 359
379 370
379 378
379 380
379 383
347 307
347 325
347 347
347 373
372 320
372 322
372 325
372 327
372 329
372 331
372 364
372 369
372 378
372 382
372 386
306 305
306 313
306 314
306 352
306 362
306 375
306 394
306 396
312 304
312 309
312 320
312 329
312 371
312 380
312 383
312 389
313 301
313 303
313 314
313 325
313 337
313 354
313 358
313 359
313 391
313 396
314 304
314 308
314 322
314 337
314 346
314 353
314 354
314 382
393 327
393 329
393 339
393 362
393 364
393 373
393 382
393 397
396 304
396 315
396 339
396 361
396 371
396 389
396 391
399 331
399 382
399 392
301 301
301 308
301 355
301 361
301 370
308 303
308 305
308 309
308 324
308 327
308 342
308 353
308 360
308 366
308 370
308 380
355 324
355 333
355 336
355 341
355 353
355 368
355 369
355 371
355 383
361 310
361 315
361 333
361 340
361 354
361 362
370 310
370 316
370 341
370 354
370 359
370 377
370 394
304 325
304 352
304 353
304 354
304 356
304 394
310 335
310 363
310 377
329 340
329 358
329 369
329 381
329 382
329 397
334 303
334 321
334 325
334 336
334 337
334 346
334 353
334 356
334 357
334 362
334 376
334 377
334 389
334 397
357 309
357 322
357 341
357 368
357 373
357 378
357 381
362 319
362 352
362 353
362 374
362 394
362 397
377 340
377 369
377 371
377 377
377 394
397 320
397 335
397 337
397 339
397 342
397 353
397 380
397 386
303 303
303 346
303 359
303 380
346 331
346 339
346 342
346 346
346 352
346 358
346 363
346 374
346 386
346 389
359 315
359 316
359 321
359 325
359 333
359 342
359 356
359 374
380 324
380 343
380 352
380 378
380 381
325 319
325 321
325 392
352 332
352 354
352 381
352 389
352 391
353 315
353 342
353 360
353 366
353 392
354 319
354 335
354 340
354 369
354 383
356 307
356 317
356 320
356 343
356 351
356 366
356 383
356 392
394 322
394 336
394 358
394 374
305 317
305 331
305 344
305 351
305 371
317 333
317 351
317 360
317 363
317 367
317 374
317 378
331 309
331 315
331 360
331 363
331 367
331 382
331 389
344 315
344 340
344 373
344 376
351 364
351 368
351 369
351 378
371 322
375 319
375 332
375 340
375 342
375 343
375 373
375 378
375 383
307 337
307 392
337 363
337 364
392 332
392 369
392 376
392 382
392 383
309 324
309 335
309 363
309 376
309 381
309 386
324 319
324 340
324 366
327 327
327 360
342 364
342 369
360 319
360 333
360 363
366 369
366 376
366 382
366 389
335 319
335 367
335 369
335 381
335 389
363 339
363 381
363 382
376 341
376 358
376 391
381 316
386 320
386 358
373 341
373 367
373 391
382 332
382 341
382 367
382 374
382 389
320 369
320 378
389 340
358 333
358 336
358 341
391 322
391 339
391 391
322 315
322 333
322 336
322 340
315 316
315 333
315 340
315 364
340 341
340 343
364 321
367 332
378 336
341 339
339 368
