0 14
0 29
0 32
0 33
0 34
0 50
0 56
0 59
0 81
0 98
14 11
14 21
14 24
14 49
14 58
14 59
14 63
14 70
14 83
29 4
29 21
29 41
29 46
29 83
29 95
32 7
32 8
32 13
32 34
32 37
32 56
32 61
32 68
32 87
33 2
33 47
33 59
33 78
33 95
33 199
34 6
34 7
34 17
34 20
34 25
34 30
34 38
34 43
34 57
34 58
34 86
34 94
50 18
50 27
50 37
50 41
50 47
56 17
56 21
56 35
56 44
56 49
56 53
56 81
56 85
56 95
59 6
59 11
59 24
59 48
59 59
59 61
59 79
59 83
59 89
59 95
59 96
81 9
81 82
81 83
98 22
98 67
98 72
98 86
98 93
98 99
1 2
1 23
1 26
1 39
1 40
1 45
1 49
1 74
1 77
1 78
1 91
2 5
2 7
2 16
2 18
2 25
2 36
2 53
2 58
2 62
2 68
2 72
2 75
2 90
23 12
23 28
23 39
23 51
23 71
23 77
23 82
23 86
23 90
26 20
26 37
26 53
26 65
26 71
26 72
26 73
26 74
26 78
26 83
26 85
26 88
39 39
39 40
39 46
39 48
39 61
39 78
39 80
39 86
39 94
40 3
40 10
40 12
40 22
40 27
40 36
40 61
40 70
40 82
40 83
40 99
45 20
45 21
45 27
45 41
45 49
45 53
45 54
45 62
45 67
45 71
45 73
45 87
45 92
49 5
49 6
49 27
49 31
49 42
49 66
49 83
49 94
49 95
74 6
74 8
74 43
74 58
74 60
77 9
77 47
77 55
77 61
77 63
77 73
77 80
77 86
78 84
78 99
91 5
91 28
91 43
91 44
91 51
91 58
91 76
91 82
91 85
91 87
91 92
91 99
5 5
5 21
5 28
5 52
5 61
5 80
5 86
5 90
7 4
7 31
7 36
7 41
7 46
7 54
7 82
7 88
16 12
16 15
16 17
16 21
16 36
16 42
16 65
16 80
16 84
16 96
18 12
18 71
18 83
18 95
18 99
25 6
25 17
25 21
25 35
25 44
25 48
25 54
25 58
25 67
25 72
25 73
25 86
25 92
36 10
36 19
36 47
36 82
36 83
36 84
36 95
53 3
53 10
53 13
53 15
53 24
53 31
53 43
53 48
53 61
53 93
58 3
58 9
58 19
58 27
58 47
58 52
58 60
58 67
58 68
58 83
58 85
58 88
58 92
62 17
62 21
62 31
62 42
68 3
68 6
68 51
68 55
68 60
68 63
68 68
68 75
68 88
68 90
68 99
72 4
72 31
72 52
72 65
72 69
72 75
72 88
72 90
75 12
75 30
75 54
75 63
75 64
90 13
90 24
90 61
90 71
90 73
90 79
3 3
3 8
3 12
3 51
3 71
3 82
3 86
3 87
3 88
3 92
8 4
8 22
8 51
12 27
12 38
12 43
12 51
12 61
12 95
51 4
51 24
51 65
51 66
51 70
51 79
51 82
71 9
71 24
71 35
71 38
71 44
71 70
71 80
71 92
82 10
82 11
82 20
82 52
82 54
82 69
82 85
86 13
86 17
86 64
86 65
86 66
86 79
86 97
87 38
87 41
87 52
87 57
87 69
87 73
88 11
88 37
88 64
88 92
88 93
92 13
92 48
4 13
4 19
4 24
4 28
4 38
4 73
13 37
13 43
13 89
13 99
19 27
19 84
24 10
24 35
24 46
24 54
24 67
28 31
28 64
28 69
38 21
38 30
38 38
38 61
38 79
38 99
73 10
73 17
73 42
73 43
73 55
73 64
73 99
21 11
21 27
21 30
21 31
21 44
21 66
21 76
21 95
52 30
52 48
80 10
80 63
80 69
80 94
80 95
6 11
6 20
6 67
11 46
11 97
20 43
20 44
20 46
20 47
20 70
20 76
20 83
20 85
20 89
20 94
67 48
67 64
67 70
31 42
41 69
46 27
46 79
46 89
54 65
54 70
22 10
22 27
22 63
22 89
22 94
9 10
9 79
9 84
9 85
9 94
10 60
10 66
10 70
10 79
79 63
84 17
84 43
84 65
85 57
85 99
94 30
94 70
94 93
60 30
60 42
60 55
66 35
66 37
70 65
70 70
97 27
27 95
43 15
43 63
95 55
95 57
37 76
89 15
89 76
99 15
99 44
63 30
63 69
63 270
83 17
83 30
83 42
15 57
57 17
57 35
17 47
17 55
17 64
17 96
42 93
42 96
65 48
65 96
96 55
96 64
47 30
47 76
55 55
76 30
35 35
199 110
199 126
199 143
199 158
199 164
199 181
199 183
199 188
199 194
199 199
270 203
270 216
270 218
270 229
270 250
270 254
270 256
270 258
270 265
100 114
100 116
100 125
100 132
100 159
100 161
100 175
114 105
114 126
114 140
114 156
114 163
114 183
114 189
116 102
116 103
116 123
116 137
116 138
116 145
116 158
116 163
116 182
116 190
125 104
125 135
125 141
125 146
125 157
125 177
132 113
132 151
132 154
132 163
132 186
132 191
132 192
132 194
132 195
159 102
159 113
159 149
159 150
159 168
159 187
159 194
159 197
161 101
161 124
161 137
161 148
161 165
161 176
175 138
175 142
175 145
175 152
175 157
175 162
175 189
175 193
101 105
101 119
101 121
101 124
101 126
101 128
101 178
101 182
101 195
105 112
105 124
105 131
105 136
105 139
105 145
105 150
105 189
119 110
119 111
119 112
119 131
119 139
119 142
119 167
119 169
119 185
119 198
121 104
121 107
121 108
121 112
121 117
121 118
121 145
121 149
121 158
121 187
121 190
121 198
124 113
124 137
124 139
124 145
124 173
126 106
126 118
126 122
126 156
126 160
126 165
126 167
126 168
126 186
128 104
128 144
128 156
128 157
128 160
128 179
128 183
128 186
128 193
178 107
178 110
178 112
178 117
178 151
178 154
178 165
178 177
182 109
182 110
182 117
182 130
182 160
182 164
182 165
182 191
182 193
182 194
182 195
182 197
195 115
195 137
195 148
195 150
195 153
195 180
195 188
195 189
195 195
102 107
102 108
102 111
102 115
102 117
102 162
102 177
102 180
102 185
102 197
107 106
107 120
107 131
107 155
107 167
107 174
107 186
107 187
107 192
108 110
108 122
108 131
108 137
108 143
108 145
108 148
108 168
108 179
108 188
111 115
111 120
111 127
111 131
111 134
111 139
111 140
111 145
111 160
111 180
111 184
111 196
115 106
115 118
115 120
115 134
115 187
115 194
117 151
117 153
117 174
117 197
117 198
162 110
162 113
162 118
162 139
162 140
162 155
162 171
162 189
162 196
162 198
177 113
177 138
177 147
177 171
177 172
177 180
177 186
177 196
180 104
180 122
180 155
180 157
180 163
180 183
180 186
180 193
185 120
185 135
185 143
185 144
185 151
185 157
185 165
185 166
185 198
197 127
197 130
197 131
197 148
197 168
197 173
197 181
197 188
197 189
103 118
103 123
103 144
103 152
103 153
103 158
103 163
103 164
103 179
103 190
103 194
118 129
118 142
118 144
118 146
118 150
118 164
118 167
118 171
118 183
118 187
118 193
123 129
123 134
123 151
123 168
123 181
144 150
144 166
144 187
144 198
152 145
152 167
152 172
152 198
153 138
153 141
153 142
153 145
153 151
153 158
153 168
153 172
153 189
153 191
158 154
158 166
158 187
158 190
158 194
163 112
163 151
163 163
163 164
163 165
163 166
163 169
163 188
163 223
164 106
164 127
164 146
164 183
179 109
179 113
179 127
179 129
179 134
179 157
190 127
190 137
190 139
190 148
194 127
194 136
194 174
194 176
194 183
104 112
104 138
104 143
104 148
104 167
104 181
112 109
112 138
112 143
112 189
138 137
138 140
138 148
138 160
138 165
138 173
138 181
143 183
143 187
143 193
148 122
148 166
148 168
167 134
167 140
167 147
167 150
167 155
167 166
167 176
167 188
181 155
181 170
181 173
181 193
131 109
131 122
131 127
131 165
131 173
131 198
136 106
136 109
136 122
136 129
136 155
136 172
136 184
139 141
139 142
139 147
139 156
145 168
145 193
150 156
150 166
150 186
150 189
189 173
189 192
189 198
106 106
106 113
106 122
106 156
106 171
113 135
122 109
122 110
122 149
122 155
122 188
156 133
156 169
156 186
156 198
171 147
171 154
171 165
171 169
171 192
120 134
120 137
120 168
120 183
120 193
155 133
155 140
155 141
155 155
155 176
174 109
174 110
174 184
186 133
186 135
186 141
186 142
186 191
187 109
187 110
187 140
187 166
187 168
187 173
192 134
192 183
192 193
110 137
110 170
137 140
137 184
168 140
168 142
168 188
188 141
188 147
188 149
188 166
188 188
109 142
142 154
142 170
142 196
170 127
170 157
170 198
127 129
127 141
127 149
127 166
127 196
134 157
134 183
134 184
140 147
140 191
140 196
160 183
184 141
184 193
184 198
196 147
196 173
196 191
196 198
135 151
183 193
151 130
151 169
198 165
198 166
129 149
129 166
146 157
146 169
193 141
169 130
169 176
149 172
173 130
141 147
191 147
133 133
172 172
223 205
223 214
223 261
223 266
223 272
223 279
223 281
223 290
223 291
223 294
200 217
200 218
200 220
200 233
200 237
200 245
200 272
200 280
200 287
217 211
217 216
217 240
217 241
217 247
217 260
217 265
217 268
217 277
217 281
217 291
218 251
218 255
218 278
218 281
218 286
218 290
218 292
220 205
220 222
220 228
220 231
220 236
220 238
220 246
220 252
220 261
220 293
220 295
233 203
233 240
233 244
233 283
237 202
237 204
237 206
237 222
237 224
237 226
237 229
237 248
237 250
237 273
237 287
237 291
237 292
237 295
245 211
245 214
245 234
245 241
245 272
245 277
245 286
245 298
272 204
272 207
272 213
272 224
272 240
272 249
272 250
272 256
272 259
272 262
272 264
272 285
272 289
272 292
280 206
280 232
280 236
280 238
280 248
280 251
280 254
280 256
280 267
280 274
280 289
287 215
287 227
287 238
287 246
287 256
287 283
287 289
287 297
201 201
201 224
201 246
201 251
201 256
201 271
201 275
201 277
201 288
224 203
224 206
224 207
224 212
224 235
224 253
224 258
224 260
224 274
224 292
224 295
246 208
246 212
246 225
246 232
246 240
246 243
246 246
246 248
246 251
246 274
246 296
246 298
251 216
251 221
251 263
256 213
256 231
256 240
256 256
256 262
256 278
256 293
271 203
271 207
271 231
271 282
271 298
275 203
275 242
275 259
275 278
277 202
277 221
277 225
277 239
277 265
277 290
288 209
288 282
288 288
288 295
288 296
288 299
202 238
202 247
202 249
202 252
202 253
202 254
202 286
238 211
238 214
238 215
238 235
238 255
238 261
238 279
238 285
238 297
247 207
247 208
247 215
247 221
247 235
247 239
247 242
247 253
247 264
247 266
247 299
249 204
249 207
249 216
249 234
249 242
249 252
249 254
249 289
252 211
252 228
252 230
252 243
252 254
252 274
253 213
253 222
253 240
253 242
253 248
253 254
253 268
253 289
254 207
254 240
254 241
254 248
254 258
254 260
254 267
254 284
254 290
286 219
286 229
286 234
286 235
286 239
286 244
286 266
203 210
203 211
203 226
203 294
203 299
210 210
210 211
210 227
210 255
210 262
210 274
210 281
211 214
211 225
211 230
211 232
211 239
211 241
211 255
211 262
211 282
211 292
211 296
211 297
226 205
226 219
226 240
226 244
226 250
226 255
226 273
226 276
226 297
294 212
294 214
294 242
294 264
294 267
294 285
294 293
299 225
299 241
299 244
299 258
299 273
299 282
299 284
299 285
204 209
204 228
204 229
204 244
204 260
204 282
204 283
209 209
209 212
209 213
209 221
209 240
209 281
228 240
228 264
228 293
229 227
229 262
229 296
244 207
244 219
244 244
244 258
244 263
244 273
260 242
260 250
260 255
260 293
260 296
282 273
282 274
282 281
283 216
283 221
283 225
283 232
283 236
283 248
283 255
283 261
283 264
283 290
205 230
205 248
205 257
205 267
205 268
230 219
230 227
230 240
230 241
230 243
230 259
230 268
230 284
248 222
248 239
248 295
257 219
257 243
257 255
257 278
267 215
267 222
267 265
268 207
268 239
268 250
268 292
206 208
206 215
206 219
206 222
206 232
206 234
206 250
206 255
206 264
206 269
206 274
206 281
206 285
206 296
206 298
208 241
208 255
208 276
208 281
208 284
208 290
215 274
215 298
219 207
219 212
219 227
219 242
219 258
219 269
219 273
219 279
222 207
222 255
222 264
222 273
222 276
232 213
232 255
232 263
232 281
232 284
232 297
234 239
234 242
234 264
234 266
234 293
250 213
250 227
250 235
250 261
250 278
250 292
255 216
255 261
255 266
255 278
264 214
264 236
269 216
269 278
274 225
274 235
274 236
274 241
274 242
274 261
274 291
274 295
281 216
281 259
281 290
281 293
281 296
281 298
285 221
285 240
285 284
285 296
296 235
296 258
296 262
298 266
207 216
207 221
207 231
207 235
207 289
216 221
216 236
216 239
216 241
216 261
221 214
221 239
231 261
235 241
235 243
235 259
289 239
289 241
289 243
289 284
289 292
289 297
276 242
276 293
284 236
284 242
284 266
290 213
290 214
212 236
213 242
213 258
213 261
227 279
227 292
227 297
262 259
214 239
214 258
214 278
225 225
225 236
225 242
225 295
239 266
292 243
292 263
292 273
297 259
297 293
236 291
242 273
258 273
261 266
261 273
278 291
265 279
273 263
293 293
266 259
300 310
300 313
300 314
300 317
300 323
300 346
300 362
300 365
300 368
300 378
300 389
300 394
310 315
310 319
310 336
310 337
310 356
310 360
310 368
310 390
313 316
313 321
313 322
313 327
313 370
313 380
313 389
313 399
314 325
314 326
314 341
314 345
314 349
314 358
314 393
317 306
317 317
317 322
317 324
317 333
317 362
317 369
317 373
317 376
317 377
317 385
323 307
323 319
323 324
323 328
323 337
323 345
323 363
323 365
323 367
323 392
346 306
346 315
346 322
346 326
346 328
346 329
346 333
346 337
346 343
346 360
346 393
362 302
362 304
362 321
362 342
362 345
362 373
362 378
362 380
362 392
365 305
365 306
365 320
365 337
365 355
365 360
365 382
365 397
368 318
368 324
368 328
368 355
368 360
368 395
378 316
378 334
378 347
378 348
378 370
378 371
378 388
378 399
389 329
389 335
389 347
389 352
389 354
389 359
389 377
389 384
389 391
389 399
394 301
394 334
394 353
394 374
394 381
394 396
301 302
301 303
301 335
301 353
301 357
301 370
301 380
301 392
302 311
302 316
302 349
302 364
302 386
302 388
302 393
302 398
303 303
303 316
303 319
303 372
303 387
335 304
335 307
335 309
335 319
335 343
335 348
335 352
335 358
335 373
335 376
335 385
353 336
353 348
353 349
353 355
353 357
353 364
353 375
357 330
357 337
357 341
357 354
357 356
357 360
357 373
357 383
357 397
357 399
370 311
370 321
370 326
370 331
370 340
370 358
370 364
370 381
370 383
380 308
380 321
380 332
380 334
380 337
380 338
380 376
380 380
392 333
392 349
392 351
392 352
392 354
392 360
392 379
311 307
311 329
311 330
311 339
311 341
311 372
316 304
316 318
316 322
316 332
316 364
316 373
349 320
349 330
349 331
349 336
349 351
349 377
349 384
364 333
364 338
364 341
364 360
364 361
364 363
364 367
364 374
364 376
364 396
364 398
386 304
386 308
386 312
386 319
386 337
386 342
386 345
386 371
386 373
386 383
386 384
388 321
388 355
388 359
388 374
388 395
388 399
393 324
393 384
393 395
398 327
398 340
398 359
398 398
398 399
319 304
319 333
319 339
319 342
319 359
319 373
319 381
372 309
372 330
372 333
372 345
372 350
372 355
372 359
372 361
372 390
387 304
387 307
387 322
387 356
387 383
387 384
304 329
304 330
304 333
304 341
304 351
304 356
304 374
329 309
329 326
329 332
329 369
329 385
330 305
330 307
330 309
330 344
330 351
330 371
333 307
333 315
333 320
333 324
333 325
333 337
333 347
333 391
341 308
341 342
341 343
341 345
341 348
341 351
341 373
341 383
351 338
351 342
351 366
351 373
356 305
356 318
356 320
356 338
356 343
356 347
356 348
356 355
356 361
356 363
374 332
374 342
374 343
374 348
374 352
374 377
305 315
305 326
305 360
305 363
305 373
305 384
305 385
305 391
305 397
315 309
315 320
315 358
315 366
315 369
315 379
315 383
315 390
326 321
326 325
326 328
326 337
326 339
326 360
326 366
326 367
326 375
326 381
326 390
360 306
360 309
360 352
360 360
360 376
360 382
360 399
363 312
363 318
363 322
363 347
363 354
373 321
373 334
373 344
373 358
384 342
385 309
385 321
385 334
385 338
385 340
385 347
385 358
391 307
391 332
391 334
391 339
391 344
391 390
397 307
397 318
397 342
397 348
397 358
306 309
306 322
306 324
306 350
306 381
306 390
306 399
309 338
309 345
322 312
322 321
322 336
322 382
322 396
324 328
324 343
324 355
324 382
324 383
324 390
324 395
350 352
350 359
350 366
350 371
350 375
350 376
350 383
350 396
381 338
381 344
381 359
381 361
381 396
390 320
390 327
390 337
390 348
399 331
399 345
399 352
399 379
307 342
307 347
307 354
307 396
342 334
347 343
347 359
347 367
354 325
354 331
396 321
396 358
396 395
308 345
308 358
308 359
308 361
308 375
345 312
345 366
345 369
358 325
358 339
358 366
359 328
359 339
359 366
359 379
361 339
361 367
338 318
338 325
338 343
338 369
336 321
336 337
336 355
337 328
337 337
337 383
337 395
339 312
339 332
339 348
312 318
312 369
318 383
369 325
369 334
369 344
369 383
321 320
321 334
321 376
327 334
327 348
327 377
325 325
325 331
325 348
325 367
320 320
320 340
379 328
379 348
379 379
383 331
332 367
332 371
340 367
334 348
382 371
367 348
343 395
