0 3
0 4
0 9
0 15
0 16
0 22
0 46
0 50
0 51
0 183
0 208
0 229
0 274
0 288
0 289
0 303
0 333
0 348
0 355
0 388
3 19
3 21
3 31
3 49
3 60
3 65
3 68
3 89
3 99
3 100
3 115
3 153
3 167
3 169
3 191
3 286
3 308
3 321
3 323
3 326
3 343
3 368
3 384
3 399
4 6
4 14
4 32
4 40
4 43
4 51
4 63
4 69
4 71
4 137
4 173
4 195
4 259
4 262
4 263
4 267
4 296
4 297
4 308
4 311
4 372
4 376
4 387
4 398
9 13
9 35
9 46
9 62
9 64
9 65
9 69
9 77
9 96
9 97
9 136
9 156
9 159
9 173
9 177
9 178
9 192
9 237
9 253
9 258
9 271
9 281
9 313
9 320
9 322
9 330
9 355
9 368
9 376
9 379
15 2
15 17
15 18
15 32
15 53
15 74
15 78
15 106
15 114
15 126
15 149
15 160
15 178
15 181
15 227
15 250
15 319
15 350
15 352
15 354
15 371
16 26
16 29
16 35
16 39
16 50
16 60
16 76
16 77
16 78
16 81
16 98
16 140
16 160
16 166
16 189
16 330
16 344
16 351
16 358
16 390
16 399
22 20
22 22
22 31
22 47
22 53
22 54
22 58
22 61
22 67
22 70
22 105
22 121
22 171
22 196
22 238
22 272
22 275
22 301
22 315
22 318
22 335
22 336
22 337
22 339
22 354
22 377
22 391
46 2
46 7
46 11
46 21
46 31
46 37
46 56
46 59
46 74
46 80
46 105
46 122
46 154
46 166
46 179
46 184
46 190
46 212
46 310
46 339
46 372
46 379
50 1
50 11
50 26
50 35
50 39
50 55
50 60
50 90
50 132
50 134
50 135
50 141
50 143
50 149
50 152
50 195
50 196
50 225
50 236
50 240
50 268
50 278
50 281
50 292
50 302
50 316
50 322
50 327
50 343
50 363
50 374
50 375
51 28
51 34
51 59
51 67
51 80
51 121
51 192
51 196
51 217
51 222
51 224
51 232
51 239
51 244
51 257
51 293
51 296
51 297
51 337
51 338
51 356
51 383
51 393
183 5
183 7
183 35
183 42
183 53
183 72
183 85
183 101
183 105
183 115
183 123
183 126
183 128
183 146
183 156
183 160
183 167
183 181
183 187
183 188
183 207
183 233
183 236
183 245
183 253
183 270
183 271
183 284
183 297
183 344
183 346
183 375
183 398
208 6
208 10
208 13
208 34
208 44
208 67
208 89
208 170
208 181
208 210
208 226
208 236
208 255
208 257
208 260
208 262
208 266
208 269
208 271
208 278
208 290
208 316
208 337
208 338
208 367
229 41
229 45
229 48
229 52
229 79
229 111
229 167
229 168
229 197
229 202
229 246
229 250
229 260
229 261
229 266
229 268
229 270
229 271
229 285
229 316
229 333
229 339
229 348
229 380
229 386
274 21
274 25
274 34
274 39
274 40
274 83
274 84
274 103
274 187
274 188
274 192
274 211
274 215
274 255
274 264
274 289
274 301
274 355
274 365
274 373
288 11
288 49
288 55
288 62
288 66
288 116
288 153
288 157
288 165
288 225
288 273
288 276
288 282
288 289
288 302
288 315
288 377
288 381
288 390
289 27
289 40
289 67
289 126
289 131
289 134
289 160
289 168
289 170
289 181
289 195
289 231
289 257
289 264
289 268
289 270
289 291
289 302
289 304
289 307
289 312
289 318
289 333
289 354
289 358
289 388
289 391
303 7
303 20
303 58
303 61
303 103
303 147
303 164
303 176
303 179
303 296
303 298
303 307
303 319
303 323
303 329
303 389
303 392
303 398
333 10
333 55
333 69
333 126
333 133
333 139
333 143
333 148
333 188
333 198
333 204
333 214
333 223
333 236
333 252
333 262
333 324
333 344
333 347
333 361
333 365
333 366
333 381
333 382
348 18
348 37
348 55
348 64
348 66
348 81
348 91
348 101
348 110
348 118
348 148
348 174
348 176
348 177
348 231
348 232
348 309
348 339
348 344
348 347
348 349
348 352
348 354
348 356
348 367
348 381
348 392
348 395
348 396
348 398
355 61
355 136
355 138
355 156
355 163
355 209
355 232
355 260
355 295
355 306
355 309
355 312
355 313
355 323
355 344
355 351
355 355
355 377
355 392
355 398
388 37
388 72
388 91
388 93
388 105
388 114
388 169
388 222
388 244
388 264
388 270
388 298
388 308
388 323
388 328
388 343
388 360
388 363
388 364
388 376
388 389
1 13
1 27
1 44
1 53
1 56
1 76
1 99
1 129
1 178
1 182
1 192
1 304
1 314
1 325
1 328
1 331
1 373
1 379
1 389
13 2
13 11
13 18
13 26
13 54
13 57
13 62
13 74
13 94
13 95
13 103
13 127
13 160
13 161
13 171
13 210
13 217
13 238
13 247
13 280
13 292
13 306
13 311
13 350
13 358
13 374
27 18
27 21
27 28
27 39
27 65
27 82
27 85
27 95
27 107
27 158
27 163
27 188
27 200
27 222
27 227
27 236
27 292
27 330
27 341
27 368
27 371
27 378
44 2
44 31
44 47
44 63
44 97
44 121
44 179
44 187
44 225
44 257
44 270
44 315
44 319
44 338
44 369
44 384
44 392
53 8
53 28
53 40
53 69
53 82
53 89
53 93
53 102
53 107
53 117
53 140
53 155
53 182
53 241
53 250
53 265
53 275
53 279
53 285
53 295
53 327
53 332
53 339
53 353
53 376
53 379
53 397
56 28
56 34
56 37
56 55
56 64
56 70
56 71
56 74
56 79
56 88
56 92
56 111
56 122
56 139
56 171
56 186
56 188
56 257
56 287
56 290
56 302
56 322
56 393
76 2
76 12
76 45
76 73
76 86
76 88
76 101
76 106
76 109
76 137
76 158
76 177
76 196
76 202
76 266
76 293
76 316
76 331
76 335
76 398
99 23
99 43
99 45
99 62
99 67
99 131
99 137
99 156
99 171
99 198
99 206
99 227
99 249
99 260
99 272
99 295
99 336
99 339
99 350
99 352
99 354
99 399
129 5
129 25
129 43
129 96
129 111
129 125
129 134
129 153
129 166
129 169
129 174
129 176
129 185
129 190
129 202
129 210
129 241
129 263
129 271
129 371
178 10
178 25
178 55
178 63
178 102
178 106
178 113
178 115
178 118
178 131
178 145
178 154
178 187
178 194
178 198
178 205
178 206
178 210
178 211
178 225
178 236
178 252
178 256
178 275
178 290
178 304
178 323
178 361
178 363
178 368
178 399
182 10
182 29
182 42
182 90
182 92
182 103
182 107
182 114
182 122
182 138
182 140
182 144
182 145
182 151
182 165
182 198
182 207
182 213
182 225
182 227
182 292
182 329
182 378
192 23
192 49
192 74
192 79
192 86
192 126
192 136
192 144
192 149
192 159
192 168
192 233
192 295
192 300
192 308
192 312
192 317
192 322
192 330
192 340
192 356
192 378
192 379
192 384
304 6
304 62
304 186
304 233
304 250
304 266
304 323
304 324
304 330
304 345
304 350
304 359
304 369
304 373
314 45
314 112
314 170
314 181
314 190
314 196
314 199
314 277
314 301
314 315
314 319
314 322
314 326
314 341
314 368
314 369
314 370
314 387
314 393
325 2
325 43
325 110
325 131
325 136
325 158
325 171
325 172
325 223
325 227
325 244
325 252
325 273
325 299
325 325
325 332
325 345
325 359
325 360
325 367
325 374
325 377
325 378
325 398
328 2
328 23
328 52
328 68
328 73
328 85
328 97
328 104
328 122
328 144
328 146
328 181
328 194
328 204
328 210
328 266
328 272
328 321
328 335
328 352
328 361
328 367
328 380
328 387
331 14
331 32
331 55
331 101
331 149
331 172
331 179
331 188
331 196
331 217
331 242
331 246
331 262
331 300
331 309
331 310
331 329
331 346
331 354
331 359
331 365
331 369
331 374
373 26
373 28
373 40
373 58
373 89
373 95
373 108
373 122
373 161
373 163
373 185
373 190
373 198
373 224
373 248
373 270
373 285
373 306
373 309
373 310
373 324
373 326
373 340
373 381
373 387
373 391
373 392
379 18
379 47
379 84
379 86
379 92
379 100
379 111
379 126
379 136
379 217
379 220
379 227
379 233
379 247
379 263
379 277
379 285
379 295
379 306
379 311
379 312
379 338
379 345
379 349
379 350
379 353
379 363
379 376
379 384
379 391
389 8
389 10
389 21
389 67
389 70
389 77
389 98
389 137
389 140
389 176
389 204
389 227
389 299
389 332
389 340
389 352
389 359
389 361
389 382
389 385
389 393
389 394
2 2
2 21
2 31
2 70
2 170
2 173
2 181
2 215
2 227
2 228
2 239
2 254
2 257
2 275
2 290
2 294
2 310
2 359
2 362
21 17
21 19
21 23
21 28
21 33
21 36
21 37
21 38
21 48
21 79
21 132
21 165
21 190
21 207
21 277
21 334
21 350
21 372
31 7
31 8
31 24
31 28
31 39
31 47
31 55
31 62
31 66
31 78
31 123
31 184
31 200
31 206
31 225
31 255
31 307
31 334
31 342
31 352
31 376
31 386
70 42
70 94
70 107
70 119
70 145
70 175
70 191
70 200
70 232
70 238
70 239
70 242
70 301
70 360
70 370
70 375
70 386
170 29
170 34
170 52
170 107
170 113
170 114
170 151
170 155
170 167
170 168
170 243
170 244
170 250
170 258
170 297
170 308
170 312
170 351
170 384
173 29
173 33
173 98
173 118
173 141
173 159
173 179
173 194
173 223
173 228
173 230
173 254
173 268
173 287
173 292
173 326
173 334
173 337
173 340
173 375
181 14
181 48
181 93
181 101
181 117
181 128
181 150
181 151
181 152
181 157
181 175
181 184
181 196
181 224
181 233
181 235
181 246
181 300
181 305
181 312
181 335
181 353
181 356
181 382
181 384
215 57
215 77
215 90
215 116
215 121
215 125
215 162
215 177
215 186
215 209
215 231
215 234
215 242
215 243
215 249
215 255
215 257
215 259
215 266
215 267
215 271
215 273
215 293
215 298
215 336
215 345
215 390
215 396
227 49
227 52
227 57
227 62
227 66
227 81
227 84
227 164
227 169
227 188
227 191
227 203
227 205
227 206
227 233
227 237
227 266
227 273
227 281
227 322
227 349
227 352
227 357
227 368
227 381
228 29
228 60
228 85
228 86
228 87
228 112
228 132
228 158
228 199
228 200
228 221
228 222
228 235
228 237
228 239
228 252
228 257
228 264
228 268
228 276
228 298
228 299
228 313
228 334
228 349
239 14
239 23
239 91
239 92
239 96
239 115
239 179
239 189
239 191
239 213
239 222
239 225
239 231
239 235
239 237
239 248
239 268
239 271
239 281
239 286
239 290
239 298
239 319
254 63
254 68
254 98
254 106
254 160
254 177
254 193
254 198
254 225
254 232
254 257
254 280
254 302
254 360
254 367
257 28
257 38
257 74
257 96
257 104
257 144
257 149
257 168
257 180
257 204
257 218
257 237
257 244
257 249
257 299
257 305
257 311
257 332
257 358
257 365
257 367
257 372
257 375
257 386
275 17
275 35
275 45
275 79
275 153
275 157
275 200
275 202
275 205
275 207
275 210
275 220
275 269
275 275
275 307
275 345
275 365
290 25
290 77
290 89
290 121
290 142
290 175
290 204
290 207
290 211
290 234
290 247
290 261
290 269
290 295
290 312
290 322
290 337
290 349
290 359
290 382
294 7
294 11
294 35
294 49
294 64
294 68
294 71
294 101
294 102
294 111
294 120
294 124
294 147
294 200
294 209
294 211
294 249
294 253
294 263
294 278
294 321
294 352
294 371
294 395
310 20
310 59
310 93
310 94
310 97
310 104
310 134
310 155
310 188
310 198
310 205
310 213
310 225
310 243
310 244
310 245
310 258
310 263
310 301
310 306
310 307
310 311
310 319
310 332
310 351
310 352
310 384
310 387
310 394
359 10
359 32
359 45
359 106
359 111
359 143
359 158
359 164
359 169
359 207
359 241
359 279
359 281
359 317
359 334
359 356
359 364
359 374
359 375
359 387
359 393
359 395
359 397
362 123
362 144
362 156
362 195
362 204
362 212
362 222
362 234
362 264
362 292
362 296
362 332
362 336
362 340
362 341
362 370
362 387
362 399
19 30
19 40
19 41
19 59
19 60
19 64
19 75
19 82
19 85
19 131
19 160
19 172
19 217
19 240
19 244
19 268
19 349
19 360
19 372
19 396
49 10
49 11
49 29
49 43
49 48
49 63
49 71
49 74
49 80
49 88
49 162
49 246
49 256
49 292
49 341
49 365
49 371
60 29
60 35
60 47
60 73
60 75
60 86
60 90
60 146
60 148
60 174
60 201
60 205
60 252
60 277
60 286
60 302
60 358
65 17
65 20
65 26
65 33
65 37
65 40
65 54
65 58
65 68
65 98
65 128
65 136
65 149
65 155
65 194
65 266
65 281
65 282
65 283
65 295
65 311
65 343
65 357
65 361
65 368
65 385
68 10
68 26
68 40
68 97
68 205
68 207
68 264
68 270
68 276
68 346
89 33
89 69
89 72
89 85
89 91
89 92
89 95
89 118
89 119
89 151
89 157
89 176
89 200
89 204
89 300
89 336
89 346
89 347
89 368
89 372
89 376
89 386
89 390
100 87
100 110
100 117
100 120
100 124
100 131
100 142
100 146
100 165
100 166
100 171
100 184
100 187
100 211
100 265
100 329
100 342
100 350
100 369
115 38
115 43
115 47
115 125
115 151
115 156
115 166
115 185
115 232
115 234
115 240
115 249
115 263
115 268
115 269
115 320
115 351
115 363
153 25
153 58
153 63
153 94
153 112
153 125
153 127
153 131
153 141
153 145
153 154
153 213
153 259
153 297
153 330
153 335
153 341
153 368
153 380
153 382
153 396
167 69
167 106
167 111
167 113
167 125
167 137
167 151
167 152
167 158
167 171
167 184
167 185
167 199
167 214
167 218
167 340
167 352
167 399
169 23
169 57
169 73
169 103
169 110
169 111
169 114
169 127
169 145
169 154
169 166
169 196
169 199
169 222
169 238
169 246
169 276
169 282
169 285
169 316
169 321
169 371
191 43
191 59
191 94
191 119
191 120
191 123
191 125
191 136
191 141
191 211
191 213
191 292
191 321
191 323
191 337
191 375
191 376
286 5
286 6
286 8
286 14
286 38
286 48
286 69
286 137
286 139
286 224
286 240
286 241
286 253
286 270
286 273
286 285
286 287
286 301
286 321
286 340
286 369
308 17
308 57
308 112
308 131
308 136
308 166
308 201
308 202
308 205
308 243
308 250
308 277
308 285
308 295
308 306
308 317
308 326
308 334
308 339
308 340
308 351
308 366
308 380
308 394
308 396
308 399
321 39
321 47
321 63
321 105
321 124
321 149
321 152
321 176
321 185
321 188
321 203
321 207
321 230
321 231
321 232
321 246
321 269
321 299
321 307
321 312
321 316
321 317
321 320
321 324
321 335
321 336
321 342
321 349
321 378
321 398
323 69
323 79
323 85
323 161
323 190
323 198
323 205
323 211
323 234
323 271
323 280
323 307
323 311
323 313
323 336
323 352
323 364
323 372
323 386
323 393
323 397
326 25
326 32
326 59
326 78
326 98
326 105
326 106
326 107
326 108
326 123
326 201
326 248
326 279
326 317
326 347
326 383
343 18
343 25
343 86
343 134
343 138
343 150
343 161
343 185
343 194
343 197
343 198
343 209
343 220
343 260
343 281
343 285
343 298
343 317
343 346
343 347
343 369
343 377
343 378
343 381
343 383
343 387
343 391
343 398
368 7
368 18
368 25
368 57
368 184
368 190
368 201
368 216
368 219
368 246
368 272
368 273
368 287
368 318
368 336
368 339
368 340
368 345
368 347
368 351
368 352
368 371
368 384
384 10
384 52
384 58
384 82
384 85
384 124
384 127
384 158
384 180
384 207
384 231
384 276
384 312
384 319
384 338
384 391
384 396
399 78
399 88
399 96
399 110
399 119
399 166
399 253
399 267
399 270
399 298
399 300
399 309
399 317
399 332
399 337
399 347
399 351
399 371
399 372
399 386
399 393
6 48
6 73
6 79
6 83
6 102
6 119
6 132
6 175
6 184
6 204
6 244
6 309
6 385
6 387
14 11
14 18
14 63
14 73
14 75
14 81
14 106
14 155
14 164
14 193
14 284
14 297
14 341
14 349
14 358
14 376
14 398
32 18
32 26
32 29
32 32
32 33
32 39
32 58
32 74
32 84
32 128
32 130
32 146
32 159
32 194
32 226
32 235
32 245
32 298
32 302
32 319
32 329
32 342
32 361
32 386
40 28
40 38
40 54
40 61
40 63
40 64
40 88
40 97
40 118
40 149
40 210
40 225
40 231
40 253
40 278
40 347
40 364
40 366
40 381
40 391
40 392
43 10
43 23
43 25
43 30
43 47
43 48
43 52
43 67
43 113
43 118
43 142
43 158
43 164
43 174
43 240
43 244
43 247
43 249
43 264
43 295
43 296
43 302
43 364
43 369
43 394
63 20
63 29
63 41
63 58
63 80
63 83
63 86
63 90
63 103
63 116
63 131
63 142
63 180
63 232
63 236
63 246
63 268
63 287
63 307
63 337
63 342
69 33
69 38
69 74
69 78
69 79
69 87
69 97
69 128
69 158
69 160
69 188
69 224
69 282
69 283
69 311
69 316
69 346
69 364
71 8
71 17
71 18
71 58
71 64
71 75
71 78
71 80
71 82
71 91
71 120
71 140
71 160
71 200
71 214
71 250
71 251
71 270
71 318
71 349
71 357
71 372
71 381
71 397
137 28
137 29
137 59
137 67
137 73
137 86
137 106
137 109
137 126
137 131
137 139
137 177
137 184
137 195
137 200
137 202
137 246
137 329
137 360
137 367
137 380
137 397
195 75
195 101
195 118
195 126
195 155
195 172
195 185
195 188
195 195
195 209
195 214
195 313
195 327
195 360
259 25
259 29
259 61
259 96
259 106
259 134
259 155
259 186
259 207
259 210
259 220
259 230
259 231
259 244
259 246
259 249
259 251
259 252
259 253
259 268
259 282
259 307
259 334
259 353
259 360
259 361
259 386
259 387
259 396
262 11
262 95
262 114
262 145
262 158
262 197
262 199
262 213
262 220
262 231
262 233
262 246
262 249
262 252
262 268
262 276
262 335
262 356
262 358
262 392
262 394
263 5
263 38
263 135
263 151
263 204
263 207
263 209
263 230
263 240
263 245
263 249
263 264
263 291
263 297
263 299
263 315
263 372
267 30
267 34
267 87
267 97
267 110
267 113
267 179
267 185
267 200
267 253
267 258
267 311
267 317
267 372
267 382
267 397
296 5
296 45
296 59
296 104
296 116
296 118
296 132
296 147
296 158
296 162
296 184
296 187
296 242
296 245
296 253
296 264
296 276
296 283
296 287
296 295
296 299
296 345
296 377
296 398
297 98
297 120
297 131
297 154
297 157
297 185
297 205
297 206
297 245
297 253
297 270
297 273
297 276
297 282
297 297
297 312
297 324
297 329
297 383
297 385
311 86
311 90
311 107
311 146
311 219
311 221
311 224
311 237
311 264
311 301
311 316
311 327
311 341
311 345
311 358
311 370
311 377
311 392
372 39
372 152
372 166
372 184
372 223
372 265
372 272
372 278
372 280
372 313
372 318
372 350
372 365
372 369
372 378
372 381
372 395
372 398
376 30
376 45
376 55
376 104
376 124
376 154
376 184
376 197
376 209
376 213
376 219
376 235
376 237
376 243
376 256
376 293
376 315
376 360
376 382
376 383
376 390
376 393
376 394
387 11
387 24
387 38
387 80
387 82
387 103
387 108
387 121
387 148
387 150
387 151
387 161
387 209
387 230
387 233
387 299
387 340
387 345
387 356
387 367
387 369
387 381
387 385
398 8
398 94
398 101
398 106
398 120
398 130
398 155
398 218
398 231
398 232
398 237
398 238
398 268
398 273
398 282
398 285
398 339
398 397
5 5
5 8
5 18
5 80
5 93
5 96
5 98
5 156
5 164
5 180
5 245
5 261
5 269
5 317
5 351
5 365
5 367
8 37
8 62
8 78
8 87
8 91
8 94
8 109
8 134
8 151
8 171
8 300
8 337
8 351
8 369
18 10
18 88
18 119
18 125
18 136
18 187
18 250
18 265
18 276
18 282
80 62
80 72
80 75
80 83
80 96
80 102
80 110
80 116
80 118
80 151
80 198
80 214
80 247
80 260
80 278
80 320
80 329
80 336
80 344
80 353
93 10
93 11
93 55
93 83
93 93
93 94
93 144
93 145
93 156
93 179
93 189
93 197
93 202
93 249
93 334
93 335
96 20
96 38
96 39
96 84
96 106
96 113
96 118
96 156
96 194
96 204
96 211
96 218
96 222
96 225
96 232
96 253
96 272
96 298
96 374
98 10
98 20
98 41
98 62
98 74
98 85
98 98
98 125
98 200
98 205
98 240
98 252
98 266
98 268
98 284
98 291
98 301
98 332
98 335
98 336
98 361
98 375
98 378
98 386
156 33
156 48
156 54
156 62
156 77
156 94
156 105
156 110
156 133
156 150
156 159
156 179
156 214
156 217
156 223
156 261
156 364
164 54
164 109
164 119
164 131
164 138
164 197
164 200
164 214
164 221
164 280
180 25
180 48
180 102
180 121
180 157
180 161
180 174
180 189
180 190
180 199
180 216
180 233
180 250
180 256
180 277
180 291
180 334
180 345
180 347
180 358
180 364
180 369
245 29
245 42
245 58
245 66
245 110
245 116
245 136
245 145
245 162
245 202
245 209
245 212
245 221
245 223
245 225
245 234
245 241
245 249
245 251
245 264
245 283
245 291
245 319
245 339
245 357
245 371
261 110
261 123
261 132
261 151
261 194
261 205
261 223
261 234
261 238
261 242
261 243
261 270
261 336
261 338
261 341
261 350
261 369
261 377
269 25
269 30
269 38
269 73
269 88
269 95
269 112
269 152
269 168
269 201
269 212
269 232
269 266
269 268
269 295
269 316
269 318
269 322
269 327
269 337
269 341
269 342
269 352
269 393
269 394
317 10
317 38
317 86
317 97
317 112
317 152
317 155
317 193
317 203
317 207
317 226
317 278
317 282
317 309
317 375
317 378
317 385
317 395
351 35
351 48
351 58
351 97
351 124
351 155
351 157
351 200
351 221
351 285
351 307
351 313
351 319
351 346
351 347
351 363
351 367
351 377
351 383
351 396
365 59
365 94
365 105
365 145
365 168
365 184
365 300
365 338
365 339
365 340
365 374
367 33
367 39
367 95
367 130
367 157
367 249
367 251
367 258
367 302
367 306
367 353
48 23
48 26
48 48
48 84
48 111
48 149
48 165
48 176
48 193
48 202
48 216
48 220
48 241
48 248
48 255
48 293
48 299
48 300
48 309
48 352
48 361
48 386
48 391
48 396
73 17
73 33
73 35
73 39
73 45
73 59
73 61
73 88
73 91
73 132
73 144
73 149
73 160
73 193
73 204
73 210
73 225
73 226
73 244
73 270
73 280
73 293
73 320
73 345
73 364
73 385
79 11
79 23
79 28
79 33
79 38
79 39
79 45
79 57
79 67
79 77
79 85
79 95
79 149
79 175
79 204
79 211
79 214
79 266
79 279
79 293
79 316
79 329
79 332
79 344
83 35
83 58
83 88
83 116
83 119
83 121
83 148
83 151
83 152
83 238
83 247
83 300
83 301
83 315
83 319
102 81
102 92
102 110
102 116
102 119
102 132
102 134
102 135
102 158
102 194
102 212
102 231
102 238
102 249
102 251
102 255
102 278
102 280
102 283
102 320
102 329
102 338
102 349
102 360
102 371
102 396
119 29
119 42
119 105
119 121
119 157
119 174
119 185
119 188
119 194
119 203
119 220
119 232
119 250
119 358
119 360
119 377
132 39
132 78
132 97
132 121
132 134
132 152
132 155
132 159
132 203
132 237
132 266
132 318
132 330
132 336
132 341
132 364
132 375
132 385
132 395
175 42
175 110
175 116
175 163
175 179
175 196
175 214
175 223
175 232
175 242
175 247
175 324
175 337
175 347
184 107
184 109
184 151
184 160
184 197
184 235
184 241
184 249
184 250
184 255
184 306
184 332
184 395
184 397
204 84
204 197
204 205
204 211
204 219
204 232
204 234
204 237
204 247
204 282
204 344
244 78
244 101
244 122
244 232
244 276
244 285
244 293
244 320
244 340
244 364
244 370
309 86
309 94
309 104
309 124
309 130
309 131
309 143
309 147
309 149
309 155
309 168
309 176
309 187
309 194
309 202
309 203
309 206
309 210
309 273
309 312
309 332
309 337
309 350
309 358
309 377
309 386
309 390
309 395
309 397
385 75
385 81
385 97
385 149
385 179
385 272
385 301
385 312
385 319
385 356
385 363
385 370
385 386
7 26
7 33
7 41
7 42
7 58
7 64
7 84
7 85
7 94
7 114
7 123
7 141
7 200
7 238
7 249
7 260
7 270
7 336
7 339
7 358
26 30
26 52
26 75
26 88
26 159
26 186
26 223
26 246
26 282
26 319
26 345
26 363
26 397
33 24
33 42
33 72
33 75
33 84
33 92
33 139
33 143
33 190
33 196
33 283
33 334
33 364
33 366
41 23
41 30
41 64
41 85
41 97
41 120
41 147
41 157
41 162
41 202
41 209
41 218
41 232
41 306
41 329
41 340
41 349
42 17
42 39
42 42
42 54
42 66
42 75
42 86
42 103
42 118
42 140
42 144
42 188
42 197
42 221
42 226
42 293
42 302
42 361
42 380
58 23
58 24
58 72
58 113
58 135
58 155
58 205
58 236
58 285
58 360
58 369
58 374
58 381
58 390
64 52
64 62
64 82
64 91
64 94
64 111
64 126
64 176
64 177
64 205
64 209
64 226
64 232
64 251
64 268
64 278
64 291
64 346
84 17
84 24
84 61
84 75
84 116
84 122
84 143
84 157
84 188
84 207
84 218
84 247
84 255
84 266
84 318
84 364
84 369
85 30
85 36
85 104
85 131
85 135
85 155
85 211
85 220
85 253
85 284
85 295
85 320
85 324
85 327
85 338
85 350
85 353
85 397
94 77
94 114
94 124
94 133
94 157
94 211
94 246
94 247
94 249
94 255
94 256
94 264
94 273
94 278
94 324
94 363
94 375
114 72
114 103
114 110
114 114
114 134
114 142
114 171
114 199
114 218
114 220
114 249
114 258
114 302
114 335
114 341
114 342
123 111
123 140
123 143
123 150
123 157
123 158
123 159
123 160
123 168
123 189
123 190
123 201
123 212
123 220
123 223
123 278
123 298
123 302
123 313
123 324
123 334
123 339
123 341
123 371
123 392
141 29
141 52
141 61
141 62
141 104
141 146
141 162
141 185
141 188
141 189
141 196
141 213
141 216
141 319
141 346
200 37
200 39
200 110
200 157
200 203
200 246
200 252
200 273
200 283
200 302
200 327
200 329
200 330
200 339
200 344
200 345
200 396
238 54
238 62
238 103
238 143
238 149
238 233
238 248
238 251
238 260
238 276
238 284
238 292
238 347
249 28
249 35
249 61
249 111
249 127
249 148
249 154
249 189
249 203
249 212
249 231
249 233
249 242
249 256
249 272
249 281
249 291
249 307
249 345
260 57
260 160
260 211
260 214
260 299
260 301
260 330
260 336
260 349
260 358
270 25
270 30
270 75
270 176
270 202
270 205
270 206
270 213
270 221
270 230
270 231
270 233
270 246
270 251
270 282
270 306
270 322
270 345
336 25
336 28
336 45
336 55
336 104
336 106
336 108
336 111
336 158
336 188
336 231
336 271
336 315
336 318
336 334
336 341
336 357
336 358
336 374
336 380
336 391
339 59
339 121
339 198
339 207
339 209
339 214
339 246
339 285
339 302
339 313
339 322
339 332
339 357
339 361
339 370
339 380
339 386
339 390
339 396
358 35
358 154
358 171
358 172
358 319
358 356
358 370
37 35
37 45
37 57
37 67
37 77
37 81
37 90
37 101
37 133
37 162
37 278
37 295
37 320
62 12
62 23
62 47
62 95
62 97
62 108
62 124
62 128
62 134
62 144
62 157
62 168
62 202
62 211
62 217
62 240
62 276
78 29
78 52
78 74
78 95
78 145
78 146
78 242
78 247
78 277
78 283
78 341
78 350
78 377
87 88
87 122
87 174
87 221
87 235
87 280
87 292
87 307
87 316
87 318
87 334
87 353
87 363
91 23
91 36
91 47
91 74
91 81
91 90
91 108
91 113
91 150
91 179
91 190
91 196
91 218
91 222
91 265
91 341
91 357
91 361
91 366
91 391
109 45
109 47
109 116
109 127
109 138
109 146
109 152
109 166
109 189
109 194
109 199
109 217
109 246
109 352
109 354
109 364
134 101
134 106
134 135
134 163
134 206
134 222
134 240
134 248
134 268
134 272
134 301
134 342
134 345
134 356
134 390
151 57
151 118
151 126
151 127
151 133
151 139
151 148
151 152
151 157
151 160
151 256
151 327
151 352
151 357
171 28
171 47
171 111
171 124
171 139
171 143
171 148
171 155
171 163
171 189
171 252
171 266
171 281
171 285
171 291
171 299
171 318
171 344
171 361
300 130
300 144
300 213
300 236
300 300
300 302
300 312
300 313
300 344
300 356
300 386
300 395
337 136
337 154
337 179
337 217
337 235
337 292
337 298
337 305
337 312
337 315
337 316
337 320
337 345
337 346
337 347
337 354
337 356
337 363
337 375
337 391
369 90
369 108
369 113
369 212
369 214
369 223
369 236
369 250
369 281
369 295
369 305
369 315
369 319
369 342
369 345
369 397
35 12
35 59
35 90
35 95
35 142
35 146
35 185
35 186
35 219
35 265
35 287
35 299
35 305
77 11
77 12
77 25
77 66
77 77
77 82
77 92
77 143
77 234
77 332
77 347
77 357
77 374
97 74
97 88
97 139
97 166
97 194
97 198
97 203
97 277
97 280
97 285
97 318
97 340
97 357
97 378
97 381
97 394
136 92
136 139
136 155
136 158
136 168
136 172
136 186
136 197
136 203
136 226
136 234
136 243
136 278
136 319
136 396
159 57
159 95
159 108
159 110
159 120
159 128
159 144
159 155
159 166
159 205
159 214
159 243
159 266
159 282
159 293
159 380
159 390
159 392
177 104
177 140
177 154
177 155
177 291
177 316
237 147
237 148
237 201
237 202
237 206
237 219
237 231
237 252
237 279
237 283
237 329
237 360
253 17
253 39
253 54
253 88
253 117
253 125
253 150
253 154
253 194
253 201
253 203
253 219
253 241
253 285
253 287
253 341
253 370
253 382
258 54
258 66
258 103
258 106
258 131
258 145
258 146
258 166
258 187
258 201
258 216
258 224
258 225
258 258
258 281
258 283
258 295
258 298
258 302
258 397
271 72
271 81
271 86
271 124
271 207
271 218
271 225
271 226
271 243
271 247
271 250
271 279
271 284
271 285
271 293
271 327
281 28
281 34
281 111
281 205
281 209
281 211
281 212
281 217
281 230
281 231
281 248
281 251
281 287
281 335
281 377
281 378
281 382
313 28
313 30
313 103
313 120
313 146
313 149
313 165
313 214
313 251
313 277
313 318
313 319
313 322
313 350
313 374
320 74
320 86
320 122
320 127
320 207
320 212
320 213
320 217
320 230
320 292
320 298
320 318
320 320
320 322
320 335
320 374
320 390
322 30
322 67
322 81
322 92
322 101
322 168
322 213
322 218
322 246
322 319
322 322
322 334
322 338
322 354
322 357
322 361
322 377
322 383
322 395
322 396
330 23
330 127
330 189
330 210
330 242
330 264
330 280
330 298
330 302
330 315
330 316
330 335
330 350
330 360
330 378
330 381
330 397
10 25
10 28
10 75
10 107
10 162
10 166
10 212
10 306
10 319
10 329
10 350
25 28
25 74
25 155
25 236
25 247
25 344
25 370
28 17
28 34
28 55
28 67
28 81
28 86
28 165
28 172
28 217
28 222
28 225
28 230
28 255
28 278
28 287
28 291
28 371
28 375
28 381
75 20
75 23
75 34
75 72
75 101
75 120
75 122
75 124
75 128
75 133
75 157
75 206
75 211
75 230
75 236
75 279
75 302
75 357
75 377
107 36
107 101
107 106
107 113
107 131
107 161
107 162
107 163
107 165
107 176
107 189
107 194
107 197
107 202
107 225
107 255
107 282
107 335
107 356
107 370
162 20
162 30
162 82
162 111
162 140
162 150
162 172
162 176
162 202
162 295
162 354
166 81
166 101
166 111
166 128
166 138
166 139
166 148
166 206
166 232
166 295
166 347
166 357
166 371
212 148
212 160
212 172
212 213
212 221
212 246
212 292
212 306
212 350
212 361
306 23
306 34
306 67
306 118
306 126
306 131
306 144
306 319
306 350
306 363
306 370
306 375
306 378
319 24
319 34
319 36
319 154
319 176
319 233
319 332
319 360
319 393
329 120
329 222
329 301
329 345
329 349
329 380
329 392
329 394
329 396
350 34
350 39
350 59
350 111
350 161
350 207
350 216
350 277
350 291
350 301
350 316
350 341
350 366
350 377
350 380
350 386
350 390
350 392
11 59
11 125
11 147
11 194
11 246
11 295
11 334
11 349
11 354
11 361
11 383
59 110
59 133
59 139
59 168
59 187
59 209
59 357
59 370
125 17
125 38
125 39
125 52
125 95
125 103
125 118
125 121
125 131
125 140
125 148
125 163
125 185
125 206
125 207
125 285
125 338
125 353
147 17
147 30
147 36
147 90
147 104
147 118
147 128
147 155
147 165
147 209
147 272
147 346
147 382
147 383
147 390
194 92
194 103
194 112
194 135
194 176
194 214
194 292
194 298
194 357
246 30
246 39
246 108
246 131
246 218
246 236
246 240
246 241
246 266
246 277
246 354
246 394
295 47
295 55
295 72
295 157
295 187
295 197
295 210
295 221
295 240
295 377
334 17
334 30
334 146
334 150
334 154
334 198
334 203
334 218
334 342
334 370
334 380
349 57
349 111
349 117
349 135
349 157
349 185
349 197
349 223
349 272
349 282
349 345
349 353
354 17
354 20
354 54
354 90
354 110
354 128
354 143
354 241
354 278
354 302
354 324
354 338
354 344
354 364
354 375
354 391
361 39
361 55
361 220
361 353
361 392
383 216
383 241
383 252
383 291
383 302
383 338
383 341
383 382
12 34
12 52
12 66
12 101
12 104
12 130
12 221
12 232
12 278
12 283
12 318
12 391
34 81
34 86
34 110
34 149
34 168
34 185
34 199
52 38
52 45
52 52
52 67
52 81
52 90
52 104
52 106
52 112
52 117
52 146
52 206
52 293
52 391
66 38
66 55
66 110
66 113
66 124
66 190
66 197
66 223
66 225
66 265
66 353
66 396
101 45
101 117
101 142
101 146
101 163
101 179
101 185
101 190
101 198
101 201
101 210
101 277
101 301
104 67
104 106
104 120
104 144
104 160
104 168
104 206
104 252
104 255
104 352
104 391
130 128
130 133
130 142
130 150
130 152
130 157
130 172
130 176
130 179
130 188
130 223
130 226
130 266
130 332
130 342
221 155
221 174
221 176
221 211
221 217
221 222
221 224
221 266
221 272
221 285
221 298
221 356
221 377
221 391
232 67
232 118
232 146
232 193
232 201
232 211
232 214
232 279
232 282
232 284
232 345
232 377
232 381
278 155
278 186
278 187
278 234
278 252
278 266
278 273
278 352
283 121
283 187
283 197
283 206
283 225
283 240
283 277
283 283
283 298
283 338
283 357
283 395
318 23
318 57
318 205
318 210
318 242
318 291
318 292
318 366
318 381
391 38
391 39
391 92
391 122
391 168
391 231
391 293
391 363
391 364
391 377
391 378
391 386
391 390
54 29
54 86
54 126
54 127
54 133
54 168
54 179
54 185
54 193
54 219
54 370
54 394
57 36
57 38
57 47
57 57
57 90
57 95
57 122
57 124
57 146
57 168
57 207
57 210
57 213
57 224
57 233
57 279
57 291
57 341
57 394
74 23
74 24
74 67
74 72
74 82
74 145
74 353
74 357
74 374
74 382
95 29
95 113
95 138
95 207
95 276
95 353
95 378
103 82
103 103
103 110
103 111
103 113
103 133
103 154
103 196
103 198
103 210
103 241
103 282
127 55
127 145
127 157
127 196
127 282
127 285
127 292
127 395
160 24
160 113
160 135
160 168
160 174
160 186
160 193
160 198
160 199
160 396
161 24
161 39
161 61
161 67
161 124
161 133
161 135
161 154
161 193
161 233
161 280
161 340
161 380
210 120
210 139
210 172
210 185
210 205
210 206
210 231
210 247
210 265
210 280
210 282
210 305
210 312
210 344
217 55
217 154
217 201
217 213
217 236
217 241
217 250
217 273
217 344
217 371
217 374
217 386
247 106
247 110
247 112
247 140
247 174
247 214
247 233
247 248
247 280
247 382
280 154
280 203
280 216
280 226
280 231
280 265
280 273
280 291
280 393
292 86
292 88
292 185
292 188
292 203
292 235
292 242
292 255
292 292
292 301
292 340
292 393
292 396
374 142
374 241
374 255
374 301
374 342
374 370
374 371
374 396
81 24
81 38
81 81
81 140
81 154
81 197
81 233
81 299
81 342
81 381
106 88
106 108
106 154
106 176
106 188
106 197
106 198
106 220
106 226
106 315
106 341
106 346
106 382
106 395
155 146
155 163
155 211
155 213
155 220
193 92
193 120
193 142
193 143
193 252
193 364
193 371
193 375
284 45
284 55
284 86
284 118
284 128
284 203
284 231
284 241
284 248
284 277
284 396
341 145
341 168
341 207
341 213
341 214
341 265
341 312
341 315
341 340
341 345
341 352
341 370
341 396
17 105
17 131
17 197
17 205
17 213
17 223
17 277
17 282
17 380
17 381
126 146
126 190
126 251
126 287
126 291
126 315
126 316
126 332
126 370
149 113
149 149
149 150
149 152
149 176
149 186
149 196
149 197
149 199
149 220
149 250
149 252
149 256
149 279
149 345
149 382
250 213
250 216
250 242
250 255
250 265
250 282
250 352
250 364
352 36
352 108
352 110
352 176
352 209
352 277
352 291
352 332
352 335
352 344
352 360
352 371
352 378
352 382
352 393
371 55
371 214
371 315
371 327
371 344
371 347
371 360
371 378
29 117
29 222
29 234
29 236
29 282
39 110
39 131
39 139
39 188
39 196
39 207
39 242
39 251
39 276
39 285
39 338
39 363
140 47
140 82
140 86
140 117
140 122
140 135
140 138
140 142
140 143
140 150
140 158
140 163
140 168
140 174
140 213
140 216
140 266
140 375
189 88
189 121
189 144
189 165
189 338
344 47
344 179
344 203
344 266
344 291
344 298
344 353
344 357
344 377
344 378
344 393
390 38
390 148
390 150
390 219
390 279
390 332
390 375
390 394
105 67
105 122
105 133
105 206
105 218
105 338
105 396
131 36
131 133
131 158
131 186
131 273
131 279
131 298
131 307
131 395
197 61
197 67
197 117
197 118
197 124
197 142
197 157
197 188
197 199
197 327
205 47
205 61
205 92
205 188
205 241
205 291
213 82
213 124
213 133
213 198
213 206
213 235
213 236
213 255
213 256
213 382
213 386
223 124
223 201
223 248
223 273
223 299
223 324
223 346
277 24
277 142
277 157
277 222
277 231
277 236
277 248
277 255
277 282
277 335
282 82
282 108
282 124
282 168
282 207
282 231
282 255
282 342
380 61
380 67
380 219
380 272
380 381
380 382
380 394
381 38
381 55
381 116
381 154
381 222
381 248
381 312
381 315
381 338
381 345
381 386
381 394
88 110
88 144
88 154
88 187
88 220
88 266
88 338
88 392
88 395
187 47
187 61
187 163
187 185
187 198
187 219
187 338
187 394
265 133
265 198
265 209
265 220
265 236
265 266
265 312
265 335
276 199
276 219
276 255
276 268
276 272
276 285
276 287
276 293
276 299
276 345
30 36
30 55
30 86
30 90
30 211
30 224
30 236
30 301
30 347
82 133
82 214
82 220
82 272
82 301
82 302
82 377
172 67
172 112
172 124
172 128
172 144
172 176
172 285
172 302
240 111
240 176
240 206
240 279
240 285
240 357
268 179
268 207
268 242
268 243
268 377
268 397
360 45
360 209
360 293
360 312
360 316
360 332
360 357
360 375
396 152
396 165
396 206
396 233
396 251
396 305
396 332
396 353
396 378
20 67
20 108
20 121
20 201
20 209
20 364
67 45
67 112
67 150
67 248
67 356
108 90
108 113
108 124
108 144
108 145
108 165
108 347
121 112
121 135
121 179
121 186
121 196
121 207
121 216
121 230
121 285
121 332
201 142
201 146
201 222
201 230
201 264
201 287
209 116
209 207
209 211
209 222
209 241
209 264
209 272
209 287
209 293
209 364
209 370
364 128
364 135
364 139
364 165
364 196
364 241
364 272
364 307
364 335
364 338
364 375
364 377
364 395
23 45
23 203
23 226
23 230
23 345
36 47
36 61
36 72
36 86
36 90
36 118
36 144
36 219
36 293
36 301
36 342
38 116
38 124
38 128
38 133
38 196
38 370
38 394
165 142
165 168
165 188
165 264
165 298
165 302
165 315
190 92
190 112
190 122
190 124
190 185
190 235
190 293
207 92
207 139
207 143
207 146
207 211
207 266
207 299
207 382
207 392
47 72
47 118
47 143
47 302
61 124
61 133
61 176
61 179
61 220
61 327
196 112
196 196
196 234
196 243
196 255
196 273
196 353
196 357
272 24
272 138
272 174
272 214
272 234
272 248
272 252
272 266
272 312
272 335
301 139
301 211
301 236
301 338
301 353
301 377
301 392
315 142
315 158
315 202
315 220
315 248
315 305
315 316
315 335
315 382
315 386
335 111
335 135
335 224
335 248
335 256
335 287
377 146
377 230
377 340
377 393
377 395
45 90
45 176
45 219
45 230
45 273
45 347
203 138
203 199
203 214
203 302
203 327
203 342
226 145
226 148
226 222
226 224
226 298
226 332
226 375
230 138
230 157
230 225
230 243
230 266
230 307
230 342
230 346
345 110
345 154
345 176
345 255
345 285
345 307
345 375
345 393
345 395
24 113
24 139
24 154
24 176
24 199
24 293
113 92
113 122
113 124
113 158
113 179
113 234
113 291
139 110
139 118
139 124
139 128
139 152
139 174
139 188
139 214
139 264
139 332
139 363
139 397
154 146
154 179
154 243
154 293
154 299
154 357
154 366
176 55
176 111
176 118
176 122
176 198
176 241
176 256
176 273
176 327
199 158
199 185
199 218
293 118
293 158
293 188
293 220
293 242
293 243
293 266
293 273
293 312
293 332
293 366
236 55
236 150
236 273
236 279
236 340
370 55
370 112
370 216
370 234
370 242
370 299
370 324
186 92
186 111
186 116
186 117
186 133
186 146
186 198
186 216
186 231
186 312
186 324
186 347
186 363
363 86
363 206
363 220
363 363
363 394
397 148
397 179
397 218
397 235
397 273
397 285
397 357
158 92
158 148
158 157
158 174
158 179
163 198
163 220
163 305
163 327
163 366
163 394
188 55
188 198
188 202
188 206
188 214
188 394
222 138
222 146
222 222
222 241
222 264
222 287
222 291
378 90
378 118
378 146
378 216
378 234
378 287
378 299
378 324
378 393
55 235
55 340
55 353
86 122
86 142
86 219
225 118
225 241
225 255
225 357
255 128
255 202
255 243
255 248
255 279
255 299
255 307
255 340
287 110
287 157
287 220
287 234
287 235
287 299
291 168
291 231
291 243
291 298
291 299
375 110
375 116
375 128
375 211
375 312
375 353
117 110
117 124
117 128
117 220
117 338
234 202
234 233
234 332
90 146
90 150
90 214
90 298
90 342
211 110
211 233
211 302
224 298
224 338
347 111
347 145
347 202
347 307
347 327
347 340
347 356
347 382
206 146
206 214
206 392
307 266
307 395
342 118
342 124
342 174
342 198
386 110
386 299
386 340
386 357
386 382
386 393
128 118
128 142
128 241
128 264
128 273
128 394
146 135
146 174
146 332
146 382
235 111
235 285
235 316
298 138
298 142
302 112
302 248
302 327
302 332
302 394
72 110
72 179
72 305
72 332
92 118
92 138
92 202
92 252
143 110
143 116
143 138
143 148
143 174
143 198
143 305
143 316
366 256
366 264
366 340
366 357
366 393
110 138
110 185
110 202
110 327
168 116
168 133
185 138
185 198
185 242
185 305
185 324
142 135
142 216
142 338
219 266
299 144
299 243
305 332
305 394
118 118
118 150
118 214
144 112
144 135
144 150
144 233
144 266
144 338
144 356
133 112
133 124
133 145
133 202
133 242
116 112
116 157
124 111
124 214
124 231
124 243
394 135
394 264
394 324
394 327
394 338
242 248
242 251
242 256
285 174
285 233
285 243
231 220
231 233
231 243
231 264
392 148
392 256
392 324
392 327
392 393
120 122
120 316
157 145
157 214
202 233
202 243
202 279
202 356
218 152
218 214
218 220
218 279
218 316
340 148
340 324
340 346
174 112
174 179
174 264
174 316
174 332
174 395
264 122
264 346
179 150
179 395
273 152
273 233
122 138
122 312
122 357
111 198
111 316
111 357
241 214
241 279
248 248
256 316
135 233
135 316
135 356
152 233
152 252
152 279
152 327
152 353
356 145
356 332
112 138
112 150
112 346
332 233
357 214
357 357
148 395
252 243
266 198
266 266
266 382
150 312
243 243
