0 3
0 17
0 32
0 56
0 62
0 88
0 308
3 5
3 9
3 22
3 27
3 38
3 51
3 62
3 75
17 35
17 57
17 61
17 62
17 75
17 84
17 85
17 90
17 97
32 14
32 22
32 30
32 33
32 38
32 41
32 44
32 46
32 52
32 56
32 59
32 64
32 75
32 86
32 94
32 97
32 99
56 2
56 13
56 15
56 20
56 22
56 31
56 37
56 43
56 61
56 67
56 68
56 71
56 74
56 79
62 20
62 60
62 72
62 77
62 90
62 99
88 9
88 19
88 23
88 25
88 35
88 45
88 57
88 80
308 160
308 307
308 320
308 345
308 349
308 365
308 367
308 368
308 384
308 392
1 11
1 16
1 34
1 45
1 48
1 63
1 67
1 87
1 92
11 31
11 34
11 37
11 63
11 73
16 6
16 8
16 20
16 41
16 55
16 57
16 67
16 81
16 83
16 92
16 94
34 25
34 31
34 36
34 38
34 60
34 71
34 86
45 4
45 7
45 22
45 37
45 57
45 60
45 64
45 93
45 95
45 96
48 36
48 38
48 51
48 60
48 61
48 86
48 92
63 15
63 36
63 44
63 58
63 75
63 76
67 27
67 31
67 47
87 4
87 7
87 29
87 37
87 66
87 81
87 89
92 6
92 30
92 33
92 38
92 58
92 60
92 77
92 78
92 86
92 89
92 95
2 5
2 8
2 10
2 12
2 21
2 52
2 70
2 85
5 25
5 27
5 38
5 66
5 78
5 83
8 10
8 44
8 52
8 81
8 86
8 97
10 4
10 27
10 35
10 41
10 47
10 55
10 58
10 307
12 9
12 13
12 15
12 29
12 35
12 40
12 53
12 57
12 66
12 78
12 84
12 96
21 27
21 38
21 70
52 13
52 61
52 78
52 83
52 391
70 30
70 39
70 49
70 66
70 79
70 91
85 9
85 22
85 24
85 40
85 60
85 71
85 76
85 80
85 90
9 4
9 24
9 31
9 55
9 69
9 79
9 84
22 27
22 30
22 47
22 73
22 81
22 156
22 303
27 20
27 24
27 29
27 38
27 51
27 57
27 58
27 64
27 66
27 72
38 18
38 42
38 47
38 53
38 71
38 77
38 80
38 86
38 96
38 154
51 14
51 50
51 86
51 98
75 49
75 58
75 77
75 80
75 82
4 23
4 28
4 69
4 91
4 96
4 99
23 7
23 59
23 61
23 69
23 71
23 72
23 86
28 20
28 42
28 49
28 54
28 69
28 84
28 89
28 137
69 7
69 25
69 55
69 72
69 74
69 94
91 25
91 47
91 58
91 76
91 80
91 84
91 95
96 19
96 25
96 47
96 50
96 55
99 50
99 57
99 81
99 89
99 94
99 202
25 19
25 24
25 43
25 57
25 60
25 78
25 81
25 83
25 90
25 168
66 49
66 66
66 72
66 77
66 80
66 89
66 242
78 53
78 64
78 80
78 82
83 36
83 80
83 197
83 317
6 24
6 26
6 31
6 40
6 57
6 89
24 18
24 24
24 198
26 26
26 30
26 35
26 37
26 41
26 57
26 68
26 189
31 55
31 155
40 15
40 30
40 36
40 39
40 42
40 76
57 7
57 20
57 35
57 36
57 42
57 58
57 71
57 82
89 35
89 41
89 42
89 53
89 60
89 71
89 72
89 86
89 89
7 7
7 13
7 30
7 42
7 46
7 65
7 82
13 14
13 86
13 94
30 15
30 36
30 49
30 82
30 90
30 93
42 49
42 80
46 14
46 36
46 55
46 81
65 47
65 73
82 15
82 43
82 44
82 50
82 71
82 184
44 14
44 37
81 35
81 36
81 73
81 77
86 15
86 20
86 43
86 58
86 68
86 76
86 98
97 19
97 33
55 20
55 39
55 41
55 59
55 60
55 68
55 79
55 95
84 50
84 54
84 59
84 73
35 36
41 58
41 59
41 68
41 74
41 90
41 98
41 127
47 54
47 64
47 72
47 76
47 94
47 388
58 15
58 33
58 49
58 59
58 68
58 77
58 177
307 310
307 323
307 363
307 370
307 373
307 382
307 388
37 49
37 64
37 71
73 94
15 15
29 339
53 64
53 72
53 74
53 226
53 293
14 64
14 68
14 74
94 18
94 54
64 18
64 98
68 19
74 60
74 90
20 33
20 60
20 72
61 61
61 98
90 43
90 50
18 54
18 60
18 80
54 39
54 77
54 321
60 49
60 360
80 36
80 59
80 98
80 120
19 33
19 43
19 98
33 43
33 59
33 98
43 49
43 72
43 95
98 49
156 102
156 111
156 117
156 122
156 131
156 174
156 175
156 179
156 182
156 187
303 316
303 336
303 341
303 360
303 361
303 364
303 375
303 376
303 379
59 95
59 310
198 102
198 106
198 118
198 154
198 169
198 191
168 100
168 110
168 111
168 117
168 125
168 142
168 147
168 174
168 180
168 182
189 100
189 105
189 133
189 134
189 149
189 150
189 165
189 173
189 183
189 186
189 199
49 280
137 117
137 127
137 129
137 132
137 164
137 165
137 175
339 328
339 333
339 344
339 367
339 371
339 378
339 389
339 395
36 39
36 50
36 396
93 50
155 108
155 128
155 135
155 136
155 145
155 173
155 195
155 199
50 95
396 161
396 311
396 323
396 329
396 330
396 359
396 387
396 391
396 392
396 396
154 100
154 113
154 114
154 127
154 134
154 141
154 143
154 146
154 150
154 184
154 188
154 195
154 196
154 318
127 108
127 114
127 118
127 120
127 138
127 153
127 172
127 195
388 301
388 306
388 317
388 319
388 328
388 336
388 343
388 352
388 360
388 370
388 383
388 387
388 393
280 200
280 212
280 217
280 218
280 228
280 233
280 243
280 263
280 271
280 273
280 292
280 293
391 319
391 327
391 331
391 353
391 372
391 380
391 391
391 399
226 203
226 216
226 219
226 227
226 228
226 254
226 260
226 262
226 275
226 277
226 291
226 295
226 299
293 232
293 236
293 252
293 255
293 267
293 270
293 283
293 292
293 295
321 300
321 315
321 316
321 322
321 338
321 356
321 364
321 365
321 367
321 369
321 390
321 399
177 106
177 109
177 114
177 139
177 142
177 160
177 172
177 176
310 249
310 312
310 335
310 361
310 366
310 399
360 260
360 277
360 316
360 323
360 331
360 335
360 336
360 344
360 346
360 363
360 364
360 375
360 392
242 206
242 211
242 236
242 254
242 258
242 263
242 268
242 271
242 276
242 283
242 297
120 110
120 128
120 162
120 169
120 176
120 185
184 119
184 121
184 123
184 124
184 125
184 134
184 138
184 141
184 143
184 146
184 161
184 169
184 199
197 119
197 130
197 142
197 147
197 169
197 173
197 183
317 305
317 311
317 328
317 338
317 340
317 343
317 354
317 356
317 365
317 367
317 377
317 384
317 394
317 398
202 209
202 210
202 211
202 215
202 228
202 234
202 244
202 249
202 256
202 261
202 266
202 278
100 116
100 121
100 124
100 128
100 149
100 166
100 173
100 179
100 193
116 122
116 178
116 179
116 182
116 185
116 191
116 199
121 124
121 125
121 138
121 142
121 163
121 169
121 170
121 175
121 283
124 101
124 105
124 112
124 131
124 141
124 172
124 178
128 111
128 112
128 152
128 172
128 178
128 180
128 270
149 102
149 170
149 173
149 178
149 179
149 188
149 199
166 112
166 122
166 130
166 151
166 152
166 157
166 172
173 119
173 125
173 129
173 141
173 143
173 152
173 167
173 171
173 175
173 193
173 199
173 283
179 118
179 123
179 125
179 129
179 139
179 160
179 171
179 188
179 363
193 103
193 106
193 114
193 144
193 150
193 153
193 180
193 181
193 182
101 106
101 134
101 136
101 145
101 158
101 165
101 183
101 187
106 103
106 113
106 119
106 129
106 139
106 141
106 143
106 148
106 153
106 163
106 164
106 174
106 181
106 199
134 131
134 144
134 167
134 182
134 191
136 109
136 123
136 129
136 142
136 150
136 160
136 163
136 213
145 161
145 164
145 192
158 107
158 139
158 140
158 150
158 153
158 162
158 181
165 102
165 104
165 119
165 123
165 135
165 146
165 160
165 162
165 165
165 170
165 191
165 194
183 103
183 108
183 110
183 122
183 125
183 152
183 162
183 175
187 103
187 111
187 112
187 126
187 161
187 163
187 299
102 107
102 122
102 141
102 151
102 160
102 163
102 164
102 169
102 178
102 186
107 103
107 108
107 109
107 113
107 130
107 131
107 170
107 176
107 190
107 279
122 130
122 141
122 244
141 110
141 123
141 133
141 146
141 147
141 152
141 172
141 178
151 123
151 125
151 140
151 143
151 169
151 178
151 180
160 111
160 123
160 125
160 150
160 167
160 175
160 178
160 194
160 313
163 114
163 140
163 161
163 167
163 343
163 364
164 148
164 196
169 108
169 109
169 161
169 167
169 190
169 306
178 112
178 115
178 133
178 147
178 192
178 195
186 103
186 105
186 123
186 131
186 140
186 150
186 153
186 186
186 191
103 105
103 109
103 172
105 112
105 117
105 153
105 185
105 190
105 192
105 194
105 196
105 199
109 152
109 175
109 185
109 191
109 196
172 108
172 110
172 139
172 140
172 144
172 152
172 153
172 174
172 196
172 199
104 111
104 129
104 139
104 146
104 159
104 167
104 171
104 181
111 123
111 150
111 161
111 182
129 108
129 119
129 159
129 180
139 132
139 133
139 182
139 188
139 190
146 112
146 133
146 180
146 182
146 188
146 190
146 191
146 194
159 125
159 143
159 148
159 157
159 159
159 191
167 125
167 132
167 148
167 185
171 123
171 196
181 150
181 180
181 182
181 199
112 123
112 144
117 140
117 157
117 188
153 130
153 161
153 175
153 199
185 118
185 125
185 138
185 157
185 195
190 115
190 126
190 175
190 191
190 194
190 199
190 333
190 346
192 135
192 144
192 162
192 174
192 180
192 188
192 196
194 114
194 125
194 157
194 175
194 188
194 209
196 123
196 125
196 150
196 180
199 147
199 174
113 115
113 162
113 188
119 110
119 138
119 143
119 180
143 110
143 140
143 188
143 195
148 132
148 133
148 135
148 142
148 170
174 161
174 180
174 188
108 118
108 130
108 162
108 175
108 328
130 133
130 247
131 118
131 162
131 175
131 334
170 114
170 152
170 157
176 123
176 133
176 157
176 180
279 224
279 232
279 233
279 236
279 244
279 267
279 283
279 286
279 295
118 110
118 125
175 115
175 182
328 304
328 306
328 319
328 347
328 363
328 381
328 395
152 144
152 150
191 140
110 135
135 140
135 150
123 114
123 140
150 115
150 138
161 126
144 115
144 126
144 195
115 138
188 133
114 206
206 203
206 207
206 210
206 212
206 215
206 228
206 238
206 249
206 277
206 376
140 180
140 385
157 132
125 132
125 211
125 246
180 361
142 126
283 232
283 249
283 267
283 274
283 278
283 287
244 205
244 209
244 227
244 238
244 239
244 244
244 246
244 252
244 256
244 263
244 267
244 270
244 271
132 132
211 212
211 214
211 237
211 270
211 286
211 292
211 296
211 336
246 218
246 228
246 233
246 240
246 250
246 251
246 252
246 264
246 267
246 268
246 289
246 294
126 195
195 133
270 201
270 215
270 219
270 223
270 229
270 254
270 256
270 265
270 281
270 284
270 286
270 291
247 236
247 243
247 249
247 288
247 291
247 294
334 326
334 335
334 342
334 354
334 359
334 366
334 371
334 384
334 389
213 205
213 208
213 212
213 213
213 216
213 229
213 245
213 271
213 285
213 290
213 296
385 311
385 315
385 347
385 357
385 358
385 370
385 393
385 397
318 311
318 315
318 324
318 344
318 353
318 364
318 368
318 369
318 377
313 302
313 316
313 325
313 350
313 354
313 367
313 373
313 382
343 305
343 325
343 333
343 374
343 377
343 395
364 369
364 397
306 302
306 327
306 333
306 355
306 380
306 382
306 386
306 392
363 302
363 309
363 314
363 325
363 326
363 342
363 344
363 357
363 363
363 387
361 315
361 320
361 326
361 340
361 345
361 382
361 383
299 205
299 215
299 272
299 288
333 338
333 359
333 366
333 370
333 384
346 301
346 332
346 335
346 346
346 352
346 356
346 370
346 379
346 383
346 384
209 223
209 231
209 234
209 253
209 261
209 264
209 277
209 281
209 286
209 291
200 201
200 207
200 219
200 229
200 230
200 241
200 245
200 252
200 256
200 259
200 272
200 273
200 287
200 288
201 214
201 224
201 227
201 238
201 267
201 268
201 269
201 282
207 228
207 229
207 233
207 234
207 258
207 263
207 264
207 267
207 290
207 295
219 205
219 216
219 231
219 253
219 254
219 266
219 275
229 212
229 215
229 216
229 227
229 228
229 232
229 241
229 257
229 259
229 273
229 285
230 239
230 241
230 263
230 289
241 203
241 217
241 238
241 281
241 298
245 223
245 227
245 266
245 274
245 278
245 281
245 291
245 294
252 222
252 235
252 251
252 252
252 260
256 231
256 232
256 282
256 298
259 205
259 208
259 214
259 217
259 237
259 263
272 203
272 205
272 217
272 237
272 251
272 264
272 272
272 277
272 292
273 214
273 217
273 240
273 257
273 264
273 298
287 203
287 220
287 276
287 278
287 285
287 290
287 296
288 243
288 278
288 282
288 295
214 208
214 235
214 236
214 257
214 265
214 277
214 292
214 294
214 330
224 215
224 217
224 221
224 234
224 251
224 262
224 274
224 278
227 204
227 215
227 221
227 238
227 249
227 250
227 253
227 260
227 265
227 269
227 284
227 296
238 216
238 237
238 251
238 261
238 267
238 277
238 284
238 295
238 298
267 204
267 216
267 225
267 240
267 258
267 285
267 298
268 228
268 282
268 298
269 233
269 236
269 249
269 254
269 291
269 295
282 203
282 208
282 248
282 253
282 262
282 271
282 362
210 218
210 253
210 265
210 290
210 294
215 216
215 250
215 251
228 235
228 257
228 289
228 296
234 208
234 260
234 274
234 284
249 220
249 249
249 260
249 281
249 294
261 212
261 220
261 223
261 237
261 281
261 290
266 218
266 221
266 232
266 250
266 264
266 295
278 208
278 248
278 290
203 231
203 243
203 254
203 258
203 265
203 277
203 289
203 372
231 218
231 276
231 291
243 233
243 235
243 236
243 271
243 275
243 289
254 264
254 296
258 217
258 237
258 258
258 298
265 223
265 281
265 296
277 204
277 205
277 248
277 271
277 275
289 208
289 232
289 263
289 297
372 302
372 323
372 367
204 205
204 212
204 223
204 235
204 274
204 275
204 294
205 220
205 223
205 232
205 236
205 248
212 216
212 251
212 263
212 281
223 222
223 223
223 248
223 253
223 286
223 292
235 220
235 248
235 274
274 216
274 240
274 286
275 225
275 237
275 250
275 262
275 263
275 290
275 294
294 225
294 240
294 255
294 294
220 208
220 225
220 286
232 217
236 237
236 253
248 208
248 253
248 260
376 315
376 331
376 353
376 368
376 377
376 379
376 380
233 208
233 239
233 251
233 263
233 284
233 295
233 297
233 298
263 225
263 276
263 374
264 237
264 253
264 255
264 271
264 286
290 237
290 250
290 292
290 295
295 217
295 271
208 281
281 251
281 285
281 291
281 292
253 237
253 239
253 253
253 255
253 276
286 260
286 262
286 296
286 297
291 297
237 237
237 260
237 262
292 250
292 255
336 302
336 315
336 319
336 344
336 350
336 351
336 354
216 217
216 225
216 260
216 284
251 262
251 276
271 260
285 221
285 260
285 298
285 309
330 329
330 342
330 350
330 352
250 284
250 297
217 297
225 221
225 276
260 262
284 221
297 221
297 262
297 297
221 255
255 222
222 344
344 304
344 324
344 329
344 331
344 338
344 340
344 352
344 365
344 371
344 378
344 381
344 383
344 389
262 239
374 348
374 370
374 389
374 393
362 314
362 331
362 342
362 347
362 350
362 357
362 381
362 382
362 384
309 300
309 312
309 315
309 340
309 355
309 369
309 373
309 392
309 398
300 335
300 338
300 345
300 348
300 368
300 392
300 397
335 324
335 325
335 352
335 373
335 382
338 302
338 329
338 353
345 324
345 350
345 351
345 354
345 378
348 311
348 324
348 342
348 398
368 323
368 337
368 353
368 392
368 395
368 397
368 399
392 311
392 326
392 332
392 347
392 354
392 367
392 392
397 319
397 354
397 379
397 380
397 383
397 386
397 387
301 332
301 355
301 359
301 371
301 377
301 378
332 305
332 320
332 349
332 358
332 380
355 314
355 351
355 352
355 356
355 371
355 381
355 383
355 387
355 390
355 393
359 323
359 354
359 367
359 394
371 311
371 323
371 342
371 380
371 390
371 393
377 312
377 322
377 341
377 350
377 378
377 383
377 384
378 319
378 323
378 390
302 322
302 365
302 379
302 380
322 322
322 347
322 351
322 353
322 369
322 384
322 394
365 323
365 324
365 340
365 375
365 383
365 384
365 389
379 319
379 331
379 341
379 352
379 353
379 380
379 386
379 399
380 312
380 319
380 356
380 357
380 366
380 383
316 375
316 390
341 314
341 356
341 366
375 305
375 320
375 329
375 347
304 312
304 358
304 386
304 390
312 320
358 324
358 337
358 349
358 356
358 367
358 389
358 394
386 367
386 389
386 393
386 394
390 369
305 342
305 352
305 353
305 387
342 325
342 337
342 354
352 326
352 384
353 325
353 327
353 349
353 394
387 319
387 326
387 389
327 319
327 326
327 395
382 325
382 340
323 314
323 320
323 337
323 347
323 350
323 369
323 381
370 329
370 395
370 399
373 315
373 325
373 331
373 347
373 366
320 311
320 314
320 319
320 357
320 381
320 398
349 315
349 326
349 337
349 340
349 367
367 329
367 350
367 389
384 314
384 329
384 337
315 347
315 354
340 331
369 326
398 319
398 381
366 325
366 326
366 356
366 399
399 314
399 324
399 356
399 381
311 337
311 354
337 326
337 337
337 350
337 357
337 395
354 393
325 389
314 393
393 331
347 319
356 329
356 331
394 326
324 381
324 383
357 329
357 395
351 326
351 331
351 351
326 331
395 329
